# Camera parameter file. 

# The format of each camera is as follows:
# Filename (of the undistorted image in visualize folder)
# Original filename
# Focal Length (of the undistorted image)
# 2-vec Principal Point (image center)
# 3-vec Translation T (as in P = K[R T])
# 3-vec Camera Position C (as in P = K[R -RC])
# 3-vec Axis Angle format of R
# 4-vec Quaternion format of R
# 3x3 Matrix format of R
# [Normalized radial distortion] = [radial distortion] * [focal length]^2
# 3-vec Lat/Lng/Alt from EXIF

# The nubmer of cameras in this reconstruction
38

00000000.jpg
C:\Users\scardina\Documents\Projects\Active Projects\2014_DOT_1BOW00_Prattsville\maps\3DSFM\SITEC_MDS7_N\300dpi\20151218_115429_HDR_300dpi.jpg
1554.72399902
900 506.5
-0.00164686234829 2.10149717222 -1.00598074632
-1.42113102899 -1.09482273021 1.48661881169
0.577137168642 0.672496924075 0.299920423687
0.89256941324 0.278158918654 0.324118818477 0.14455062898
0.74810500501 -0.0777299300931 0.659013323339
0.438355950277 0.803465922499 -0.402849183614
-0.498180851172 0.59025538763 0.635149702297
-0.0328753098908
42.3217835278 -74.4367152778 326

00000001.jpg
C:\Users\scardina\Documents\Projects\Active Projects\2014_DOT_1BOW00_Prattsville\maps\3DSFM\SITEC_MDS7_N\300dpi\20151218_115251_HDR_300dpi.jpg
1556.97875977
900 506.5
-0.0338346293197 0.884109735476 -1.19405658907
-0.971179332377 -0.0418274198894 1.12410908035
0.575508395666 0.706541714118 0.238940686083
0.891098593125 0.277230714782 0.340351358734 0.115101183045
0.741826031554 -0.0164212863822 0.670392128768
0.39384472273 0.819791353496 -0.415730227253
-0.542754338978 0.572429372401 0.614609425628
-0.0389759717289
42.3217936389 -74.4366847778 326

00000002.jpg
C:\Users\scardina\Documents\Projects\Active Projects\2014_DOT_1BOW00_Prattsville\maps\3DSFM\SITEC_MDS7_N\300dpi\20151218_115246_HDR_300dpi.jpg
1556.03063965
900 506.5
0.00380167687845 1.54370174113 -0.956712725755
-1.0849449152 -0.655437830059 1.30062054021
0.610910570829 0.647828490351 0.247277937559
0.89513161351 0.294701175957 0.312510254431 0.119286033777
0.7762180685 -0.0293591508913 0.629783281251
0.397747648645 0.797846022718 -0.453036814453
-0.489167951899 0.602148542097 0.630978330799
-0.0384148783057
42.3217931944 -74.4366850833 326

00000003.jpg
C:\Users\scardina\Documents\Projects\Active Projects\2014_DOT_1BOW00_Prattsville\maps\3DSFM\SITEC_MDS7_N\300dpi\20151218_115433_HDR_300dpi.jpg
1557.73876953
900 506.5
-1.00500753904 1.31880367972 -2.63289992485
-1.45747551261 0.511035593431 2.70111767923
0.599760280594 0.796640240644 0.281100818123
0.868803314337 0.286647274726 0.380743375822 0.134348315561
0.673971485411 -0.0151665065238 0.738603547422
0.451722540815 0.799568671033 -0.395775865858
-0.584560879883 0.600384543451 0.545736639568
-0.0317237105178
42.3217818889 -74.4367320278 325

00000004.jpg
C:\Users\scardina\Documents\Projects\Active Projects\2014_DOT_1BOW00_Prattsville\maps\3DSFM\SITEC_MDS7_N\300dpi\20151218_115117_HDR_300dpi.jpg
1562.95166016
900 506.5
1.54355268955 4.05197309036 -4.07720989099
-5.25990798477 -0.264560234367 2.77272418138
0.696996354304 0.786758038127 0.298576199135
0.854433329961 0.331418214535 0.374099437762 0.141971461126
0.679788203321 0.00535648388218 0.733389868109
0.490577077039 0.740013203929 -0.460126812322
-0.545182245264 0.672572262296 0.50042385414
-0.0291262219779
42.3217756111 -74.4367385833 328

00000005.jpg
C:\Users\scardina\Documents\Projects\Active Projects\2014_DOT_1BOW00_Prattsville\maps\3DSFM\SITEC_MDS7_N\300dpi\20151218_115111_HDR_300dpi.jpg
1541.69812012
900 506.5
1.99841481779 4.60517212395 -5.0940381765
-6.44863006241 0.244831454566 3.08312735819
0.724028873356 0.79851594192 0.323593829719
0.84581410586 0.343209974487 0.37851893224 0.153392542934
0.666388552904 0.000340015314455 0.745605005635
0.519306321504 0.717356591135 -0.46445996509
-0.53502160326 0.696707385681 0.477860862647
-0.0293625633354
42.3217755833 -74.4367386667 327

00000006.jpg
C:\Users\scardina\Documents\Projects\Active Projects\2014_DOT_1BOW00_Prattsville\maps\3DSFM\SITEC_MDS7_N\300dpi\20151218_115128_HDR_300dpi.jpg
1528.00695801
900 506.5
-4.81392103733 4.71384859197 -5.66421588019
-6.80296324536 0.787256766841 5.52969330852
0.646423281586 1.37972423217 0.5990125281
0.683255811126 0.288305628439 0.615358810797 0.26716037042
0.0999176020666 -0.0102546955676 0.99494304354
0.719900806802 0.691010005464 -0.0651739880742
-0.68684689008 0.722771995972 0.0764264062209
-0.0372694425316
42.3217848056 -74.4367063333 328

00000007.jpg
C:\Users\scardina\Documents\Projects\Active Projects\2014_DOT_1BOW00_Prattsville\maps\3DSFM\SITEC_MDS7_N\300dpi\20151218_115105_HDR_300dpi.jpg
1573.30224609
900 506.5
9.23214541139 1.98382815808 -0.966267153215
-9.30429552491 -0.180164715199 1.87066509996
0.870708348903 0.0103336388167 0.0488538093966
0.906418697932 0.421687169481 0.00500461826115 0.0236600747297
0.99883033191 -0.0386710662289 0.0290271167803
0.0471126702888 0.643240290603 -0.764214154107
0.0108819985086 0.764686386273 0.644308801327
-0.0700173501109
42.3217744167 -74.4367404444 328

00000008.jpg
C:\Users\scardina\Documents\Projects\Active Projects\2014_DOT_1BOW00_Prattsville\maps\3DSFM\SITEC_MDS7_N\300dpi\20151218_115417_HDR_300dpi.jpg
1564.5904541
900 506.5
7.13409510991 0.650392970085 1.71935928142
-7.16514940411 -0.975958023276 -1.40810019446
0.545777784005 0.0196476820854 0.0749927167153
0.962254401362 0.26944672207 0.00969992493159 0.0370233862393
0.997069650648 -0.066024479739 0.038618855148
0.0764791857092 0.852055656865 -0.517834156468
0.00128367331481 0.519271020508 0.854608824249
-0.0373168384652
42.3217738333 -74.43668425 327

00000009.jpg
C:\Users\scardina\Documents\Projects\Active Projects\2014_DOT_1BOW00_Prattsville\maps\3DSFM\SITEC_MDS7_N\300dpi\20151218_115423_HDR_300dpi.jpg
1569.43554688
900 506.5
4.6740172756 0.543605340024 -0.700021446352
-4.74799668336 0.203517778134 -0.216961050851
0.570518971049 0.208961263742 0.124225395958
0.952310418805 0.280710267268 0.102814411387 0.06112214645
0.971386811146 -0.0586925500607 0.230137807884
0.174136477475 0.834931686819 -0.522078203628
-0.161507132785 0.547215045112 0.821262037096
-0.0423986457096
42.3217751944 -74.4366835556 326

00000010.jpg
C:\Users\scardina\Documents\Projects\Active Projects\2014_DOT_1BOW00_Prattsville\maps\3DSFM\SITEC_MDS7_N\300dpi\20151218_115239_HDR_300dpi.jpg
1579.16259766
900 506.5
7.10387851398 -0.191255387883 1.67201782069
-7.14562457204 -0.130845146955 -1.4900506818
0.596927520238 -0.0272896220353 0.0886370863215
0.954730357593 0.293946236676 -0.0134382842566 0.0436477412596
0.9958286005 -0.0912437608581 0
0.0754435336256 0.823381326426 -0.562452013512
0.0513197517351 0.560105569106 0.82683029591
-0.0399957369439
42.3217933889 -74.4366852778 326

00000011.jpg
C:\Users\scardina\Documents\Projects\Active Projects\2014_DOT_1BOW00_Prattsville\maps\3DSFM\SITEC_MDS7_N\300dpi\20151218_115405_HDR_300dpi.jpg
1532.36523438
900 506.5
10.0360135736 -2.07771226044 5.78820709191
-11.7439467574 -0.446801282917 0.649547277335
0.633748465767 -0.600361806878 -0.0672940788559
0.905695699346 0.306849293577 -0.290684090428 -0.0325825491884
0.828882071659 -0.119372724439 -0.546538419474
-0.237412223133 0.809564053379 -0.536881612956
0.506546902801 0.574766729206 0.642692674218
-0.055085325361
42.3217740278 -74.4366845833 327

00000012.jpg
C:\Users\scardina\Documents\Projects\Active Projects\2014_DOT_1BOW00_Prattsville\maps\3DSFM\SITEC_MDS7_N\300dpi\20151218_115410_HDR_300dpi.jpg
1539.59460449
900 506.5
10.158960666 -2.7380139152 4.98010721699
-11.5827889364 0.947169953903 0.666739651457
0.538456751413 -0.583051694638 -0.0491399791817
0.921998219332 0.262191184136 -0.28390583613 -0.0239277700507
0.837650097312 -0.104752090764 -0.536068842682
-0.192997536282 0.861366382703 -0.469892812138
0.510973858796 0.497066407452 0.70130638579
-0.0426599817915
42.3217741111 -74.4366845278 327

00000013.jpg
C:\Users\scardina\Documents\Projects\Active Projects\2014_DOT_1BOW00_Prattsville\maps\3DSFM\SITEC_MDS7_N\300dpi\20151218_115229_HDR_300dpi.jpg
1544.75915527
900 506.5
9.91767415118 -3.95897908441 8.3170655435
-13.3464459323 -0.126572347855 2.25030199701
0.54039922474 -0.908798406112 -0.176017460828
0.8597888145 0.257449115308 -0.432956479092 -0.0838556709456
0.61103330404 -0.0787321843215 -0.787679394021
-0.367124855967 0.853376726453 -0.370092130483
0.701325157533 0.515315348097 0.492537191662
-0.0460318975819
42.3217861111 -74.4366781389 326

00000014.jpg
C:\Users\scardina\Documents\Projects\Active Projects\2014_DOT_1BOW00_Prattsville\maps\3DSFM\SITEC_MDS7_N\300dpi\20151218_115400_HDR_300dpi.jpg
1552.96154785
900 506.5
9.9795642417 -4.51938445568 10.1539694116
-14.5843960518 -0.710450583637 3.14803928877
0.566837141277 -1.03750887646 -0.211682641612
0.825037092585 0.266688034062 -0.488131744439 -0.0995933812829
0.503617485494 -0.0960215259948 -0.85857439374
-0.424694460932 0.837917381248 -0.342825731199
0.75233278718 0.537284349799 0.38120994982
-0.0450567866262
42.3217740278 -74.4366849167 327

00000015.jpg
C:\Users\scardina\Documents\Projects\Active Projects\2014_DOT_1BOW00_Prattsville\maps\3DSFM\SITEC_MDS7_N\300dpi\20151218_115055_HDR_300dpi.jpg
1536.8671875
900 506.5
12.3676213472 -4.15244792004 6.4919815906
-14.2589870942 0.324768667961 2.98704872869
0.760594657954 -0.767665881768 -0.158224345134
0.854562616088 0.3616756084 -0.365038094775 -0.0752383489569
0.722172937884 -0.135459013854 -0.678319668217
-0.392642535113 0.727059982835 -0.563219209239
0.569471968755 0.673078607118 0.471876138541
-0.0271882452714
42.3217735833 -74.4367204444 330

00000016.jpg
C:\Users\scardina\Documents\Projects\Active Projects\2014_DOT_1BOW00_Prattsville\maps\3DSFM\SITEC_MDS7_N\300dpi\20151218_115223_HDR_300dpi.jpg
1558.12255859
900 506.5
10.5822996379 -5.24727673401 10.5059429958
-14.4319651164 0.0439121903395 6.45061510799
0.532077501912 -1.24602448866 -0.261562525204
0.771280809549 0.245428632933 -0.574747260977 -0.120649591002
0.310218335043 -0.0960094061807 -0.945804913586
-0.468228263061 0.850416627415 -0.239902839634
0.827361217344 0.517274739145 0.218861386255
-0.0439289736813
42.3217785556 -74.4366875556 325

00000017.jpg
C:\Users\scardina\Documents\Projects\Active Projects\2014_DOT_1BOW00_Prattsville\maps\3DSFM\SITEC_MDS7_N\300dpi\20151218_115028_HDR_300dpi.jpg
1567.50048828
900 506.5
6.44231131813 -10.4215247408 12.1802515475
-16.047406765 -8.881784197e-016 6.39927188042
0.620621990179 -1.51218999164 -0.527364586169
0.653362492106 0.273550610812 -0.666525682982 -0.232445686666
0.00342484926954 -0.0609148470306 -0.998137208131
-0.668400019507 0.742278676916 -0.0475932667987
0.743794317012 0.667317568389 -0.038173341823
-0.0487509241411
42.3206348889 -74.4357498889 0

00000018.jpg
C:\Users\scardina\Documents\Projects\Active Projects\2014_DOT_1BOW00_Prattsville\maps\3DSFM\SITEC_MDS7_N\300dpi\20151218_115354_HDR_300dpi.jpg
1559.36584473
900 506.5
8.18362177918 -8.238024203 13.8979544394
-16.333460069 0.68689892272 7.79332604202
0.443976234179 -1.5224331464 -0.363175382309
0.686994490646 0.198303743771 -0.680000795832 -0.162213723197
0.0225714006073 -0.0468139179513 -0.998648874293
-0.492573654526 0.868725071002 -0.0518564509548
0.869978327193 0.493077866827 -0.00345075089833
-0.0415873844649
42.3217719167 -74.4366839167 326

00000019.jpg
C:\Users\scardina\Documents\Projects\Active Projects\2014_DOT_1BOW00_Prattsville\maps\3DSFM\SITEC_MDS7_N\300dpi\20151218_115349_HDR_300dpi.jpg
1542.92687988
900 506.5
7.94425124772 -7.41380881941 15.1241497284
-16.5856373898 -0.565132423391 8.45061374243
0.453612240574 -1.57446723594 -0.366610226623
0.667827122672 0.201087997851 -0.697967197174 -0.16251968062
-0.0271413195533 -0.0636352936552 -0.997604429309
-0.4977754964 0.866302024997 -0.0417176448227
0.866881270724 0.495450431213 -0.0551884423384
-0.0454957818967
42.3217709722 -74.4366824167 327

00000020.jpg
C:\Users\scardina\Documents\Projects\Active Projects\2014_DOT_1BOW00_Prattsville\maps\3DSFM\SITEC_MDS7_N\300dpi\20151218_115124_HDR_300dpi.jpg
1529.50292969
900 506.5
-4.72483781575 5.59375247844 -4.69341675305
-6.5739967656 1.13224295548 5.58058234237
0.832161634551 1.29728309462 0.763032341245
0.652519658105 0.366667530619 0.571609611725 0.336207742258
0.120454103391 -0.0195830800006 0.992526436563
0.857945564122 0.505038235494 -0.0941563204324
-0.499419597086 0.862874766437 0.0776352779673
-0.0342239322086
42.3217717778 -74.4367153889 327

00000021.jpg
C:\Users\scardina\Documents\Projects\Active Projects\2014_DOT_1BOW00_Prattsville\maps\3DSFM\SITEC_MDS7_N\300dpi\20151218_115148_HDR_300dpi.jpg
1510.33154297
900 506.5
-0.786371950755 -9.84728152373 8.91149935865
-10.9675642787 1.93544517392 7.27796425576
0.395153769115 -2.11970726364 -0.749016349999
0.416406173834 0.157392030776 -0.844291657962 -0.298337542559
-0.603667591978 -0.0173098912711 -0.797048270345
-0.514228269704 0.77244519745 0.372690012894
0.609224765221 0.634846066204 -0.475201199045
-0.0343135294538
42.3217849167 -74.4366758056 329

00000022.jpg
C:\Users\scardina\Documents\Projects\Active Projects\2014_DOT_1BOW00_Prattsville\maps\3DSFM\SITEC_MDS7_N\300dpi\20151218_115156_HDR_300dpi.jpg
1530.8059082
900 506.5
11.6971171965 0.978701981551 -1.82658294226
-10.2160710862 1.60659463458 5.84530452682
0.958962452982 -0.361128152669 -0.121094549987
0.869840079053 0.458491803702 -0.172659834147 -0.0578968013496
0.933673064045 -0.0576042610869 -0.353463210796
-0.259048094138 0.572866408627 -0.777636101524
0.247282564338 0.817622085586 0.519947579833
-0.036496573426
42.3217860556 -74.4366772222 328

00000023.jpg
C:\Users\scardina\Documents\Projects\Active Projects\2014_DOT_1BOW00_Prattsville\maps\3DSFM\SITEC_MDS7_N\300dpi\20151218_115212_HDR_300dpi.jpg
1546.95349121
506.5 900
-1.65524153807 -10.3943861944 9.08371590563
-10.4755229418 2.73743946909 8.72162729866
0.239119700982 -2.24576207908 -0.802847252683
0.363796406482 0.0929257565045 -0.872739215007 -0.311999337599
-0.718034206326 0.0648085963376 -0.69298442434
-0.389208355035 0.788042768427 0.476975869527
0.577013136521 0.612200094671 -0.540617260626
-0.0588077125717
42.3217847222 -74.4366850833 326

00000024.jpg
C:\Users\scardina\Documents\Projects\Active Projects\2014_DOT_1BOW00_Prattsville\maps\3DSFM\SITEC_MDS7_N\300dpi\20151218_115204_HDR_300dpi.jpg
1521.98986816
900 506.5
-0.0585079118819 -12.9869215015 2.98366974042
-10.0961610993 2.15534455939 8.42542521767
0.63658784347 -1.96903495284 -1.30276881078
0.341150649916 0.244712436548 -0.756921995763 -0.500800845029
-0.647464205754 -0.0287593139114 -0.761553110844
-0.712153448951 0.378629053865 0.591166540972
0.271344612316 0.925101768055 -0.265629784358
-0.0201031158342
42.3217843056 -74.4366869444 326

00000025.jpg
C:\Users\scardina\Documents\Projects\Active Projects\2014_DOT_1BOW00_Prattsville\maps\3DSFM\SITEC_MDS7_N\300dpi\20151218_115142_HDR_300dpi.jpg
1537.56091309
900 506.5
-8.36635235181 -8.29025172343 6.31864721581
-9.03897783473 0.845016733973 9.80980764283
-0.0100367205696 -2.7761805134 -1.29236203323
0.0396322879917 -0.00327492769937 -0.905852703453 -0.421690749572
-0.996837240206 0.0393538211107 -0.0690423328668
-0.0274964558112 0.644321239636 0.764260616746
0.0745617280184 0.763741445235 -0.641201126424
-0.0406176630289
42.3217845278 -74.4366735278 328

00000026.jpg
C:\Users\scardina\Documents\Projects\Active Projects\2014_DOT_1BOW00_Prattsville\maps\3DSFM\SITEC_MDS7_N\300dpi\20151218_115138_HDR_300dpi.jpg
1539.76074219
900 506.5
-12.0557190122 -3.6653345186 2.89038144062
-8.63626855063 1.6683832006 9.4742139256
0.291815960084 2.55188316433 0.90048907287
0.208363140764 0.10486150401 0.916996817419 0.323582844812
-0.891177980066 0.0574684614641 0.449999046648
0.327159412834 0.768595931402 0.549750994394
-0.314274301144 0.637148083677 -0.70375715762
-0.0506974306552
42.3217849167 -74.4366745556 328

00000027.jpg
C:\Users\scardina\Documents\Projects\Active Projects\2014_DOT_1BOW00_Prattsville\maps\3DSFM\SITEC_MDS7_N\300dpi\20151218_115134_HDR_300dpi.jpg
1530.20727539
900 506.5
-8.43640623576 -6.4761583273 6.7913696459
-8.43475070845 0.674004587459 9.3614648842
-0.0601269908963 -2.91822144434 -1.11102524091
0.00842716975594 -0.0192415663741 -0.933875964497 -0.355545248442
-0.999117191288 0.0419548379825 -0.00204839251042
0.0299698773244 0.746180317307 0.665068757013
0.0294313326248 0.664420149228 -0.746779057258
-0.0335720519217
42.3217876944 -74.4366825278 328

00000028.jpg
C:\Users\scardina\Documents\Projects\Active Projects\2014_DOT_1BOW00_Prattsville\maps\3DSFM\SITEC_MDS7_N\300dpi\20151218_115342_HDR_300dpi.jpg
1526.74523926
900 506.5
1.7152123212 -7.67886346499 17.2655352931
-13.0933245455 -8.881784197e-016 13.7321035106
0.219846995494 -2.24939286431 -0.476531331713
0.404009296387 0.0870664021078 -0.890831112714 -0.188721562697
-0.658391982313 -0.00263190691226 -0.752670719076
-0.307612969946 0.913607086317 0.265886942396
0.686945485114 0.406589485814 -0.602321057734
-0.0356842235216
42.32177425 -74.4366968333 326

00000029.jpg
C:\Users\scardina\Documents\Projects\Active Projects\2014_DOT_1BOW00_Prattsville\maps\3DSFM\SITEC_MDS7_N\300dpi\20151218_115440_HDR_300dpi.jpg
1552.38085938
900 506.5
-8.07170941038 1.15263923073 1.07468063567
0.571035102704 -1.5513974511 8.05624520957
0.538728127042 1.4538652802 0.506034670944
0.685519695652 0.240486380829 0.649000454773 0.225892134605
0.0555420409821 0.00244477028001 0.998453442818
0.621858799739 0.782277906884 -0.0365081344801
-0.781156934118 0.622924467899 0.0419290646416
-0.0469827745395
42.3217508333 -74.4367677778 324

00000030.jpg
C:\Users\scardina\Documents\Projects\Active Projects\2014_DOT_1BOW00_Prattsville\maps\3DSFM\SITEC_MDS7_N\300dpi\20151218_115301_HDR_300dpi.jpg
1560.13439941
506.5 900
-5.87035682605 -0.104502075124 1.19917993748
1.31924751415 -0.717938998336 5.80122368055
0.600957784075 1.43235293263 0.558975054481
0.678252164699 0.267502660079 0.637579260645 0.248815004903
0.0631673860295 0.00358980598897 0.997996455503
0.67862706873 0.733066759506 -0.0455899992594
-0.731761599297 0.680147033785 0.0438698501407
-0.0394145828604
42.3217940833 -74.4366852778 326

00000031.jpg
C:\Users\scardina\Documents\Projects\Active Projects\2014_DOT_1BOW00_Prattsville\maps\3DSFM\SITEC_MDS7_N\300dpi\20151218_115444_HDR_300dpi.jpg
1565.39306641
900 506.5
-7.84163515467 -0.123392265369 0.54045058824
0.726792188099 -0.186862330098 7.82530316446
0.514119736357 1.48582004152 0.492348034193
0.679460000805 0.228957195272 0.661692530606 0.21926142304
0.0281749576313 0.00503987570114 0.999590611903
0.600957342402 0.799005673595 -0.0209672099714
-0.79878381761 0.601301814363 0.0194829395486
-0.0422726257263
42.3217430833 -74.4368015278 325

00000032.jpg
C:\Users\scardina\Documents\Projects\Active Projects\2014_DOT_1BOW00_Prattsville\maps\3DSFM\SITEC_MDS7_N\300dpi\20151218_115307_HDR_300dpi.jpg
1538.18884277
900 506.5
-8.59427099057 -2.06926181155 4.50955544311
0.788580927352 -0.815977483716 9.85858757444
0.420741242619 1.93414320329 0.616965173013
0.509105872858 0.174665214654 0.802934211234 0.256125008587
-0.420606535614 0.0196999057364 0.907029317787
0.541278889966 0.807784035367 0.233456686338
-0.728084772045 0.589149032597 -0.350422340639
-0.0455524958027
42.3217939722 -74.4366852222 326

00000033.jpg
C:\Users\scardina\Documents\Projects\Active Projects\2014_DOT_1BOW00_Prattsville\maps\3DSFM\SITEC_MDS7_N\300dpi\20151218_115318_HDR_300dpi.jpg
1566.99707031
900 506.5
-7.90949923656 -4.26341706282 6.32534055331
-1.2859631706 -1.62195691861 10.7917803812
0.495129694083 2.25475989135 1.04124153038
0.299885257761 0.18651577658 0.849369967427 0.39223656946
-0.750561203383 0.0815902736028 0.655743615098
0.552094132546 0.622723998684 0.554442461827
-0.363110511366 0.778175788771 -0.512438124013
-0.033290459907
42.3217938889 -74.4366853056 326

00000034.jpg
C:\Users\scardina\Documents\Projects\Active Projects\2014_DOT_1BOW00_Prattsville\maps\3DSFM\SITEC_MDS7_N\300dpi\20151218_115315_HDR_300dpi.jpg
1551.83215332
900 506.5
-11.1051189541 1.17473825218 2.23432518043
-1.741756141 -1.46721174625 11.1583791603
0.796884965684 1.6303591052 0.800011339283
0.54734814868 0.336281926712 0.688004322753 0.337601242526
-0.174648923888 0.0931561049853 0.980214302872
0.83229776534 0.545879610765 0.0964156579769
-0.526097266498 0.832668818057 -0.172870703424
-0.0700975874316
42.3217939167 -74.4366852778 326

00000035.jpg
C:\Users\scardina\Documents\Projects\Active Projects\2014_DOT_1BOW00_Prattsville\maps\3DSFM\SITEC_MDS7_N\300dpi\20151218_115325_HDR_300dpi.jpg
1555.86950684
900 506.5
-7.08136580267 -7.94064341436 9.21176041296
-4.13143671335 0 13.4531516804
0.0952876082158 2.74037027337 1.00722713616
0.109998083083 0.0324219470301 0.932420715661 0.342712609409
-0.973698507554 -0.0149349846233 0.227351338444
0.13585593571 0.76299589054 0.631965194243
-0.182906626956 0.646230602335 -0.740899069859
-0.037322967103
42.3217939722 -74.4366853333 326

00000036.jpg
C:\Users\scardina\Documents\Projects\Active Projects\2014_DOT_1BOW00_Prattsville\maps\3DSFM\SITEC_MDS7_N\300dpi\20151218_115335_HDR_300dpi.jpg
1536.73864746
900 506.5
9.44026777108 -6.83570178803 10.2240367715
-9.75219701859 0.567063736364 12.0395012714
0.566191926536 -1.7732557337 -0.491354581213
0.571383338661 0.241357483949 -0.755907179572 -0.20945566316
-0.23053523773 -0.125528846295 -0.964932824925
-0.604246750766 0.795749726904 0.0408428557197
0.762718247001 0.592473435678 -0.259298810376
-0.0330148040712
42.3217854722 -74.43669325 327

00000037.jpg
C:\Users\scardina\Documents\Projects\Active Projects\2014_DOT_1BOW00_Prattsville\maps\3DSFM\SITEC_MDS7_N\300dpi\20151218_115330_HDR_300dpi.jpg
1526.43701172
900 506.5
-0.00448227468445 -8.88199671459 13.3083442056
-7.90534298152 0.203364142073 13.9092096364
0.220010162802 -2.53567121059 -0.744590172962
0.242418303894 0.0804892706621 -0.927658630767 -0.272403416282
-0.869509653014 -0.0172619517941 -0.493613905866
-0.281404248395 0.838635683116 0.466370941122
0.405911821588 0.544419231024 -0.73405949385
-0.0289055876467
42.3217920556 -74.4366891111 326

