# Camera parameter file. 

# The format of each camera is as follows:
# Filename (of the undistorted image in visualize folder)
# Original filename
# Focal Length (of the undistorted image)
# 2-vec Principal Point (image center)
# 3-vec Translation T (as in P = K[R T])
# 3-vec Camera Position C (as in P = K[R -RC])
# 3-vec Axis Angle format of R
# 4-vec Quaternion format of R
# 3x3 Matrix format of R
# [Normalized radial distortion] = [radial distortion] * [focal length]^2
# 3-vec Lat/Lng/Alt from EXIF

# The nubmer of cameras in this reconstruction
19

00000000.jpg
C:\Users\scardina\Documents\Projects\Active Projects\2014_DOT_1BOW00_Prattsville\maps\3DSFM\SITEC_U12_14\300dpi\20151216_133849_HDR_300dpi.jpg
1537.24707031
506.5 900
0.370302022668 -0.135365248095 -0.901200993545
0.416845735451 0.496025759893 0.740139945462
0.42082560412 -0.611702740665 0.68691522517
0.874812291691 0.201556885089 -0.292978606345 0.329002065821
0.611843024901 -0.693733770702 -0.379977272287
0.457526433986 0.702265571678 -0.545429970481
0.645227871844 0.159867791723 0.747077586193
-0.0507788786923
42.3217765556 -74.4365256667 355

00000001.jpg
C:\Users\scardina\Documents\Projects\Active Projects\2014_DOT_1BOW00_Prattsville\maps\3DSFM\SITEC_U12_14\300dpi\20151216_133844_HDR_300dpi.jpg
1551.84094238
506.5 900
0.511110225323 0.781404432768 -0.237623488813
-0.301948007325 -0.0409445079519 0.914025789485
0.710806531994 -0.744221222014 0.594902060052
0.82851115559 0.334845090335 -0.350586004908 0.280245080866
0.597104715763 -0.69915662312 -0.393251781606
0.229588080065 0.618682619491 -0.751345445559
0.768605882634 0.358346125388 0.529935604493
-0.0533988201022
42.3217765556 -74.4365256667 355

00000002.jpg
C:\Users\scardina\Documents\Projects\Active Projects\2014_DOT_1BOW00_Prattsville\maps\3DSFM\SITEC_U12_14\300dpi\20151216_133909_HDR_300dpi.jpg
1548.67700195
506.5 900
-0.261374919454 0.886400802144 -0.887093168874
0.316187290245 -0.10051163273 1.2372874303
0.870703909812 -0.459598908492 0.895126252099
0.786718756349 0.403937144093 -0.213217223941 0.415267162351
0.564183057968 -0.825649777031 -2.77555756156e-017
0.481144085038 0.328776166818 -0.812654030628
0.670967957003 0.458485679949 0.582746381581
-0.0458276870836
42.3217792222 -74.4365799167 337

00000003.jpg
C:\Users\scardina\Documents\Projects\Active Projects\2014_DOT_1BOW00_Prattsville\maps\3DSFM\SITEC_U12_14\300dpi\20151216_133831_HDR_300dpi.jpg
1533.65551758
506.5 900
-0.520905811275 0.288353591951 0.0707550196027
0.165859649617 -0.543799966139 0.190444216535
0.850130289899 -0.36648557636 0.797161760753
0.819166848234 0.399120215362 -0.172058099684 0.374252485072
0.660662248405 -0.750494173182 0.0168547847476
0.475806741379 0.401276534808 -0.782678350817
0.580631949672 0.525105844719 0.622198517769
-0.0423162138844
42.3217765556 -74.4365256667 355

00000004.jpg
C:\Users\scardina\Documents\Projects\Active Projects\2014_DOT_1BOW00_Prattsville\maps\3DSFM\SITEC_U12_14\300dpi\20151216_133838_HDR_300dpi.jpg
1536.38598633
506.5 900
-0.549332064233 -0.259844499269 -0.677929506663
0.822545722308 0.00801958249907 0.390162260019
0.610174710273 -0.261432826277 0.808097330352
0.866376546309 0.291373342851 -0.124840566547 0.385886233121
0.671013608264 -0.741396099025 0.00855638452732
0.595895028655 0.532386564706 -0.601226590859
0.441192140065 0.408529531002 0.799033107007
-0.0402480709429
42.3217765556 -74.4365256667 355

00000005.jpg
C:\Users\scardina\Documents\Projects\Active Projects\2014_DOT_1BOW00_Prattsville\maps\3DSFM\SITEC_U12_14\300dpi\20151216_134008_HDR_300dpi.jpg
1535.40246582
900 506.5
0.752056433548 0.42863255443 -0.301140891497
-0.0396069206757 0.0150533757678 0.915535196348
0.490430583776 -1.09754654379 0.22389377398
0.818843028886 0.230220802546 -0.515216739129 0.105101529219
0.447010929416 -0.409350674242 -0.795370402481
-0.065104056137 0.871904327568 -0.485329489097
0.892156138323 0.26872930798 0.363100366836
-0.04456760724
42.3217808333 -74.4366740556 318

00000006.jpg
C:\Users\scardina\Documents\Projects\Active Projects\2014_DOT_1BOW00_Prattsville\maps\3DSFM\SITEC_U12_14\300dpi\20151216_134010_HDR_300dpi.jpg
1539.23522949
900 506.5
0.692336061963 0.671017695784 -0.495188755488
-0.258228940865 5.55111512313e-017 1.05267425086
0.487186667155 -0.728149355316 0.497070861908
0.875829489983 0.233424936181 -0.348876987516 0.238160733946
0.643128901846 -0.580049594557 -0.49992822221
0.254303182026 0.777584685046 -0.575058479806
0.72229879396 0.242703291412 0.647595595202
-0.0566711309902
42.321781 -74.4366744167 318

00000007.jpg
C:\Users\scardina\Documents\Projects\Active Projects\2014_DOT_1BOW00_Prattsville\maps\3DSFM\SITEC_U12_14\300dpi\20151216_133856_HDR_300dpi.jpg
1562.78259277
900 506.5
1.8886250858 -0.0901845847021 0.244960210511
-0.336442979185 0.00477544008521 1.87665333892
0.288998105747 -1.51342713891 -0.272357974249
0.709273058366 0.130203737289 -0.681851768858 -0.122706777042
0.0400426685454 -0.00349406851388 -0.999191638914
-0.351624512653 0.935980439335 -0.0173642791254
0.935284718886 0.352035732704 0.0362499774133
-0.0644526850531
42.3217765556 -74.4365256667 355

00000008.jpg
C:\Users\scardina\Documents\Projects\Active Projects\2014_DOT_1BOW00_Prattsville\maps\3DSFM\SITEC_U12_14\300dpi\20151216_134035_HDR_300dpi.jpg
1552.11376953
900 506.5
1.56686566199 -0.571822568689 -0.53421640343
0.37783952249 0.610743998184 1.59739351389
0.0677009257667 -1.50373838359 -0.0687848605384
0.729355784226 0.0307376764547 -0.682729569555 -0.031229806155
0.0658093792163 0.00358384253296 -0.997825421768
-0.0875267165046 0.996159600045 -0.00219412153092
0.9939856207 0.0874806869326 0.0658704606763
-0.0431538579611
42.3217077778 -74.4366732778 320

00000009.jpg
C:\Users\scardina\Documents\Projects\Active Projects\2014_DOT_1BOW00_Prattsville\maps\3DSFM\SITEC_U12_14\300dpi\20151216_133959_HDR_300dpi.jpg
1553.92590332
900 506.5
-1.61539716345 -0.99724566461 0.255153276343
0.648127167432 -0.841202981925 1.59418363327
1.50675083965 0.867992969729 1.65096855074
0.363385508308 0.58543292663 0.337249962762 0.641467271829
-0.0504373636937 -0.0713246276572 0.996176642706
0.86107501489 -0.508426250036 0.00719482775004
0.505969646125 0.858146194245 0.0870597243236
-0.0358466675728
42.3217813056 -74.4366734722 318

00000010.jpg
C:\Users\scardina\Documents\Projects\Active Projects\2014_DOT_1BOW00_Prattsville\maps\3DSFM\SITEC_U12_14\300dpi\20151216_134003_HDR_300dpi.jpg
1549.78979492
900 506.5
-2.07130167769 0.23906000192 -0.161204442942
0.667983989592 -1.09877842232 1.64921535166
1.11542513505 0.276584575179 1.21173869332
0.671168448852 0.495124402522 0.12277271529 0.537876884509
0.391230470723 -0.600436375328 0.697434360329
0.843587601669 -0.0689196400706 -0.532550479933
0.3678296688 0.796697028985 0.479557516285
-0.0552074811398
42.3217811944 -74.4366736111 318

00000011.jpg
C:\Users\scardina\Documents\Projects\Active Projects\2014_DOT_1BOW00_Prattsville\maps\3DSFM\SITEC_U12_14\300dpi\20151216_134020_HDR_300dpi.jpg
1555.71313477
900 506.5
-2.47540485966 0.31902687486 -0.353706621169
0.688384071381 -0.999648662779 2.20937652467
1.18362478302 0.355347331264 1.27017138397
0.632450738108 0.517353410426 0.155319621854 0.55518227292
0.335296919447 -0.541540626796 0.77091497022
0.862961126374 -0.151763781679 -0.481939596082
0.377986932284 0.826862589064 0.416442606764
-0.0484679707496
42.3217813056 -74.4366743056 318

00000012.jpg
C:\Users\scardina\Documents\Projects\Active Projects\2014_DOT_1BOW00_Prattsville\maps\3DSFM\SITEC_U12_14\300dpi\20151216_133954_HDR_300dpi.jpg
1557.3494873
900 506.5
-3.01916062344 -0.921208678442 0.509209107729
0.553610574318 -1.13466826792 2.93756547034
1.46323182008 0.884032926028 1.57397449101
0.397605978655 0.577764423116 0.34906483478 0.621491722171
-0.0161957406047 -0.0908631714115 0.995731747569
0.897572126267 -0.440126517977 -0.0255634594182
0.440570686582 0.893326896122 0.0886843156284
-0.0467626247927
42.3217814722 -74.4366729722 318

00000013.jpg
C:\Users\scardina\Documents\Projects\Active Projects\2014_DOT_1BOW00_Prattsville\maps\3DSFM\SITEC_U12_14\300dpi\20151216_134023_HDR_300dpi.jpg
1555.22094727
900 506.5
-1.39013359784 -1.67932674424 1.25875913258
1.05002946213 -1.24245705143 1.92115145784
1.33367446442 1.41983314361 1.44722134265
0.349864866349 0.514841728073 0.548101781005 0.558674516781
-0.225065227487 0.17345018033 0.958780792481
0.955292520916 -0.154358105497 0.252170714459
0.191734567052 0.972670843993 -0.130954968193
-0.0317616164464
42.3217811944 -74.4366746944 318

00000014.jpg
C:\Users\scardina\Documents\Projects\Active Projects\2014_DOT_1BOW00_Prattsville\maps\3DSFM\SITEC_U12_14\300dpi\20151216_133933_HDR_300dpi.jpg
1543.60766602
900 506.5
-2.19642912349 -2.61717601818 2.57747829481
0.424075916354 -1.30558345842 4.05375319926
1.62139854284 1.81830046894 1.50898726351
0.137513877011 0.560421622282 0.628478977671 0.521567688558
-0.334035896441 0.560979970089 0.757444205629
0.847871149999 -0.172209222519 0.501456470354
0.41174588227 0.809719470518 -0.418114615557
-0.059907022408
42.3217998611 -74.4366706389 318

00000015.jpg
C:\Users\scardina\Documents\Projects\Active Projects\2014_DOT_1BOW00_Prattsville\maps\3DSFM\SITEC_U12_14\300dpi\20151216_133901_HDR_300dpi.jpg
1556.2869873
506.5 900
-0.179772359577 2.76323295596 -0.675408697974
0.0613342249581 -0.0702348237144 2.84872788099
1.22167087625 -0.672875555617 0.900347822533
0.674846185448 0.543071552529 -0.299114581311 0.400233237368
0.500687810617 -0.865072740304 0.030997986835
0.215310753805 0.0897735957802 -0.972410759195
0.838423323672 0.493548303403 0.231208089657
-0.0408173583462
42.3217634444 -74.4365901111 344

00000016.jpg
C:\Users\scardina\Documents\Projects\Active Projects\2014_DOT_1BOW00_Prattsville\maps\3DSFM\SITEC_U12_14\300dpi\20151216_133922_HDR_300dpi.jpg
1560.515625
506.5 900
0.406509096567 -3.19979950169 3.20941706327
-0.0919853823976 -0.721537757449 4.49168607806
-1.0838180231 -2.30669115222 -1.13028265535
0.175870089138 -0.382682852392 -0.814464357398 -0.399088944214
-0.645246963584 0.763738393029 0.0189692023551
0.482987160257 0.388563591644 0.784692095932
0.591928878897 0.515482226485 -0.619595475046
-0.0696663934819
42.3217998333 -74.4366710556 318

00000017.jpg
C:\Users\scardina\Documents\Projects\Active Projects\2014_DOT_1BOW00_Prattsville\maps\3DSFM\SITEC_U12_14\300dpi\20151216_133916_HDR_300dpi.jpg
1553.63671875
900 506.5
2.31141441962 -2.38803781179 3.30178071375
-0.769699339184 -1.11022302463e-016 4.6211126684
-0.489633356544 -2.2024966984 -0.568576218488
0.396218951675 -0.19320927859 -0.869104999705 -0.224360124835
-0.611361585873 0.513629490811 -0.602014975158
0.158046556972 0.824665303621 0.54309131206
0.775408512356 0.236878600792 -0.585345887083
-0.0656545759468
42.3218031667 -74.4366602222 320

00000018.jpg
C:\Users\scardina\Documents\Projects\Active Projects\2014_DOT_1BOW00_Prattsville\maps\3DSFM\SITEC_U12_14\300dpi\20151216_133927_HDR_300dpi.jpg
1555.90722656
506.5 900
0.481294734753 -3.40963549704 2.61406006309
0.725202871641 0 4.26200047413
-1.088017574 -2.40416177409 -1.00124538685
0.158891453567 -0.380588755196 -0.840976247768 -0.350235827558
-0.659811642025 0.751430912894 -0.000656367175691
0.528832993967 0.464974433042 0.710024391026
0.533839386516 0.468135188929 -0.704176814951
-0.0531813988703
42.3218005278 -74.4366706111 318

