# Bundle file v0.3
19 11026
1551.97045898 0 0
0.702442366839 -0.592263330028 -0.394715544529
-0.113410324743 -0.640630786241 0.75942772345
-0.702648261364 -0.488689486823 -0.51717503402
-0.596865062776 0.00474848404471 0.62008686792
1537.42431641 0 0
0.716205026517 -0.584278586647 -0.381666340051
-0.326168313545 -0.763719468995 0.557087495378
-0.616980265531 -0.274500927138 -0.737553315265
-0.737537301004 0.967283837654 0.978315872162
1548.5904541 0 0
0.695706321638 -0.718326705434 -2.77555756156e-017
-0.409723744232 -0.396821680284 0.821376949163
-0.590016465458 -0.571436585546 -0.570386373487
-1.0118778994 0.279433865021 1.07793771191
1533.88781738 0 0
0.778245042504 -0.627781570467 0.0150060718211
-0.392559891925 -0.46771756519 0.791919394368
-0.490134192634 -0.622198771506 -0.610441064275
-1.34502987459 0.813765279339 0.0138383037545
1536.62768555 0 0
0.786826467047 -0.61713949123 0.00650551070947
-0.490695771655 -0.619153419831 0.613080463133
-0.374328213082 -0.48557997758 -0.789993910181
-1.38918963465 1.31272944602 0.455124954853
1535.69689941 0 0
0.501177776539 -0.336205993695 -0.797362073917
0.216924706126 -0.84320518479 0.49188255742
-0.837713986548 -0.419488219681 -0.349664304609
-0.469439685224 -0.235750952192 0.965056652155
1539.29064941 0 0
0.726511403342 -0.468208918676 -0.502953595664
-0.112859479829 -0.803300433523 0.584782957157
-0.677823381727 -0.368088172207 -0.636448845438
-0.540425276854 -0.0243542744692 0.74057130289
1563.33178711 0 0
0.0290023572825 -0.00731439670919 -0.999552743761
0.505043185385 -0.862839442638 0.0209681026852
-0.862606461105 -0.50542554791 -0.0213300835409
0.982866410272 -0.437946633122 0.733418335192
1552.66088867 0 0
0.0532524029521 0.00414421204627 -0.998572030724
0.254868218874 -0.966928635473 0.00957898611173
-0.9655085236 -0.255014027295 -0.0525478230462
0.646547797737 0.300625523326 1.56545348226
1553.74951172 0 0
-0.0268384384954 -0.0682712711553 0.997305288632
-0.934814735146 0.355134350622 -0.000845585104012
-0.354119499734 -0.932319062382 -0.0733527829213
-0.721743503343 1.99973465543 0.123650915105
1551.76477051 0 0
0.494642210014 -0.518485828872 0.697497032415
-0.837285329463 -0.0691457297437 0.542376461463
-0.232985786971 -0.852285983674 -0.468322771513
-1.97224599281 1.14948816082 0.0664934833711
1556.11218262 0 0
0.430412925098 -0.46897278164 0.771238909999
-0.870912488864 0.00874974467241 0.49135992767
-0.237182848796 -0.883169286533 -0.404668144919
-2.23137867081 1.06693333145 0.310152358136
1557.08959961 0 0
0.0102390765789 -0.081826360304 0.996593987522
-0.958748823798 0.282327973391 0.0330309417941
-0.284069275658 -0.9558215489 -0.0755602839197
-2.11290351615 1.98218158781 -0.199969013018
1555.07189941 0 0
-0.240847335412 0.142932188194 0.959980645018
-0.970294630819 -0.0121982407311 -0.241618981668
-0.0228253110988 -0.989657274559 0.141624466007
-0.300487594801 2.5136810294 -1.03963413008
1556.18457031 0 0
0.64006828166 -0.767646620041 0.0321041113262
-0.186404777684 -0.114617670327 0.975764399269
-0.745362771318 -0.630540436334 -0.216456173202
-0.843307638298 -1.66133599368 1.33453017102
1543.57373047 0 0
-0.415862842018 0.504338317143 0.756769782944
-0.870172056237 0.0211765750518 -0.492292609899
-0.264307925917 -0.863246432145 0.430054767998
-1.05295263656 3.10020970807 -1.80854271143
1560.47998047 0 0
-0.764866329015 0.643861340148 0.020539577718
-0.418776617516 -0.472746120899 -0.775330352043
-0.489495370522 -0.601625716076 0.631221709219
1.24774736764 2.94108884029 -2.00962432318
1553.53881836 0 0
-0.695865517825 0.396642631755 -0.598703249431
-0.022208763887 -0.845135096438 -0.534091458879
-0.717828598576 -0.358359453328 0.596909443751
2.51292674601 1.91947454229 -1.87625541379
1555.76489258 0 0
-0.777335085211 0.629085444992 0.0012056665813
-0.45026154707 -0.555029345314 -0.699433009099
-0.439334069868 -0.544236742359 0.714697136119
1.31859727062 3.24165668164 -1.4285697817
2.83119106626 1.33829603304 0.799438398802
204 179 181
6 0 32 181.172058105 -361.903076172 1 18 181.473205566 -477.040771484 2 15 -1.30084228516 -650.607543945 5 21 -94.2009277344 -243.802612305 7 29 168.533813477 -96.3499755859 8 4 3.70593261719 -265.351074219
2.918100912 1.2039430063 0.7794261139
117 92 93
3 0 33 277.228027344 -328.322631836 1 20 314.041748047 -419.596313477 2 12 136.638305664 -662.334472656
2.85539744117 1.21247687502 1.00965469377
205 176 175
2 0 34 181.804016113 -204.533203125 1 21 176.872314453 -271.258911133
2.12022783563 1.24891792501 0.495214962813
226 208 209
2 0 64 -39.4514770508 -594.762084961 1 24 -205.207794189 -600.793701172
2.98414113709 1.23571983926 1.90668130443
212 190 191
5 0 65 8.28424072266 162.486877441 1 54 -29.722869873 65.3539428711 2 47 109.43347168 80.9593505859 5 40 -518.399291992 176.884979248 6 49 47.4134521484 -123.303588867
2.80921018726 1.31818557399 0.947082270779
113 86 87
9 0 68 138.287475586 -274.015625 1 41 121.09765625 -362.922119141 2 27 -4.20330810547 -509.856933594 3 96 15.8593139648 -86.6304931641 4 58 12.8846435547 -233.051391602 5 41 -173.727478027 -183.483337402 7 43 74.7268066406 -89.760925293 8 13 -145.759094238 -255.371337891 9 41 41.86328125 -113.802612305
2.98474434354 1.21450387508 1.72825090703
39 26 26
5 0 79 51.2122802734 102.960144043 1 80 19.8187255859 18.7563476563 2 43 126.989990234 -2.03131103516 5 43 -441.384460449 138.700317383 6 58 102.001220703 -178.945495605
2.734845159 1.16152724505 2.87202452566
112 97 105
6 0 86 -231.745635986 527.078735352 1 60 -272.229125977 387.033691406 2 53 31.5758666992 580.800415039 3 106 39.0016479492 598.112426758 4 79 28.8801879883 458.265472412 6 96 -247.634155273 189.515563965
3.20085908788 0.101820812722 2.39022819189
160 194 134
2 0 97 349.349121094 752.426818848 1 59 326.228088379 656.818969727
2.95681865326 1.06445255017 0.675007436384
24 18 20
2 2 110 263.806762695 -754.684692383 5 147 83.5291748047 -111.44317627
2.94191422678 1.11336538505 0.900217537287
162 129 128
3 0 102 287.224609375 -228.32824707 1 52 321.489562988 -291.505493164 5 78 -59.1839599609 -61.8989868164
2.94306578874 1.14229997523 2.64317566861
35 21 22
2 0 122 -115.86706543 437.330596924 1 70 -151.506774902 302.048950195
2.83338531888 1.36564715106 0.74979486352
196 173 175
6 0 134 185.37097168 -400.063842773 1 55 189.177124023 -531.76965332 2 78 -17.832824707 -701.461303711 4 81 0.457122802734 -383.934814453 5 76 -74.7083129883 -274.660705566 7 122 197.887329102 -109.000732422
2.68311732968 0.91751873378 2.90294509554
38 23 24
6 0 151 -195.301208496 643.028076172 1 110 -231.180664063 508.082092285 2 109 113.52911377 699.554016113 3 208 87.9663085938 692.223327637 4 122 81.9927978516 566.826538086 6 196 -226.825012207 300.148498535
2.8386375488 1.25118162652 1.44616669259
193 190 202
8 0 163 47.6323852539 -12.6283569336 1 106 7.18920898438 -77.8463134766 2 115 45.9468383789 -139.930786133 3 277 49.149230957 128.723266602 5 101 -390.664093018 22.7690429688 6 136 125.942504883 -302.674743652 8 34 -639.801635742 -167.878417969 7 98 -257.674255371 -35.3038330078
2.34524196745 1.26872782716 1.86260629996
88 79 84
2 9 394 764.011474609 199.332366943 10 413 -108.95880127 67.6998901367
2.53892085714 1.1142014027 2.91523142503
93 70 73
7 0 189 -304.467529297 593.364746094 1 158 -347.255737305 463.870941162 2 140 -26.6449890137 684.184814453 3 233 -10.9742736816 670.099853516 4 201 -27.964630127 538.008300781 6 227 -324.081481934 237.940185547 10 140 406.430053711 290.857940674
2.53940096322 1.11466059656 2.91663208826
93 70 73
8 0 190 -304.467529297 593.364746094 1 159 -347.255737305 463.870941162 2 141 -26.6449890137 684.184814453 3 234 -10.9742736816 670.099853516 4 202 -27.964630127 538.008300781 6 228 -324.081481934 237.940185547 10 141 406.430053711 290.857940674 11 121 374.313964844 189.815551758
2.88892112159 1.18721794524 0.87839279026
155 122 122
7 0 191 243.928710938 -265.42578125 1 105 262.182861328 -341.161865234 2 120 125.532775879 -563.403930664 3 357 97.6937255859 -103.18927002 4 190 128.331604004 -244.781738281 5 174 -81.3685302734 -120.49798584 9 166 -3.03546142578 -208.799316406
2.92705537021 1.15911497913 1.48325461541
141 109 111
4 0 195 104.360473633 31.2655639648 1 177 81.0150146484 -31.5515136719 5 145 -355.455322266 93.6860351563 6 182 174.260009766 -247.246826172
2.87772706063 1.24104655169 1.27486976234
186 157 155
5 0 207 108.799072266 -86.8575439453 1 121 79.8823242188 -154.204589844 2 171 76.9442138672 -262.400756836 5 167 -294.852111816 -19.2551269531 6 199 204.41003418 -374.346984863
2.83581002874 1.12726100596 2.85076680834
65 43 46
4 0 212 -182.77255249 516.723510742 1 244 -221.037414551 372.977844238 2 212 83.2572021484 551.272583008 6 256 -199.042724609 188.114959717
2.32153294388 1.07945807566 2.89699145799
84 69 74
4 0 992 -387.861053467 646.991699219 4 1085 -100.110656738 614.093994141 6 1122 -411.485992432 272.466522217 14 489 -85.4239807129 559.121948242
2.670873162 0.787807595363 2.85378293377
147 129 131
7 0 221 -158.316101074 687.319458008 1 204 -193.184661865 561.90637207 2 194 169.217956543 739.279724121 3 303 123.339782715 725.759887695 4 283 118.466796875 614.517944336 6 274 -196.570556641 346.30682373 14 97 312.934082031 472.974029541
2.60463813674 0.7962780895 2.92257068872
66 50 52
7 0 223 -198.963867188 716.115844727 1 224 -232.71963501 588.770263672 2 221 138.747802734 788.859924316 3 360 99.2064819336 759.182067871 4 386 89.0562133789 640.4453125 6 291 -238.566040039 364.528045654 10 382 570.391967773 301.288513184
2.88307779695 1.20674036448 2.86073591622
31 16 16
3 0 226 -187.519592285 483.70904541 1 186 -223.285491943 332.669433594 6 283 -198.717102051 157.143768311
2.87167843071 1.21557265129 0.92650293082
80 54 56
9 0 233 209.897399902 -248.814331055 1 115 216.00769043 -325.106933594 2 148 96.1490478516 -522.103271484 3 332 79.3911743164 -83.3133544922 4 164 100.025268555 -221.860229492 5 189 -119.428100586 -122.469665527 7 222 89.2001953125 -11.3295288086 8 73 -117.125244141 -134.334411621 9 198 33.6184082031 -190.321044922
2.90562502143 1.36647668194 2.74255513293
202 172 173
6 0 234 -198.300720215 391.792510986 1 434 -242.214019775 242.279602051 2 193 16.7679443359 415.128356934 3 381 38.3999023438 472.274261475 5 190 -863.103393555 307.057495117 6 340 -199.706298828 68.6996154785
2.90915650428 1.21015824198 1.37948798806
168 136 138
5 0 236 105.624511719 -30.3489990234 1 182 78.3933105469 -97.8676757813 3 311 90.3901367188 100.173400879 5 176 -322.468017578 34.3853149414 6 244 189.377075195 -311.458740234
2.66577451479 1.28710570713 2.8879703046
84 61 64
3 0 248 -290.823608398 495.667755127 1 228 -334.414825439 355.147338867 6 268 -300.912597656 150.905914307
2.94137633361 1.45862109534 2.53989884583
92 62 63
10 0 250 -178.212768555 298.310119629 1 210 -223.676147461 152.862731934 2 238 -6.61666870117 306.781677246 3 342 26.2877807617 391.65222168 4 280 19.4364013672 238.588867188 5 159 -785.947631836 220.721374512 6 265 -164.987121582 -18.177734375 10 297 253.093505859 -20.0657958984 11 339 173.334350586 -138.259887695 14 152 1.17321777344 71.3625488281
2.91439662914 1.38402111369 2.65481107829
133 99 101
6 0 251 -186.640136719 359.950439453 1 271 -232.433959961 212.581054688 2 242 12.3834838867 376.692382813 3 388 35.7522583008 445.679351807 4 407 29.1107177734 294.694641113 5 162 -829.173461914 282.486877441
2.99404119486 1.13791151301 1.88577882727
107 75 73
6 0 255 45.9782714844 188.344604492 1 164 15.6387329102 104.777160645 2 282 160.383544922 93.3778076172 5 184 -493.420135498 221.657470703 6 252 81.7156982422 -91.3303222656 7 173 -528.317749023 83.098815918
2.89811257094 1.07947300166 2.67013221619
163 130 129
5 0 270 -119.636657715 475.758209229 1 205 -158.672821045 343.904785156 2 289 128.612304688 480.550476074 5 186 -824.578979492 435.899597168 6 282 -131.53125 160.292785645
2.70515414441 0.707097329656 2.42823352357
141 116 117
9 0 282 -39.1985473633 592.268432617 1 275 -80.375213623 517.999389648 2 294 247.624755859 601.067626953 3 785 170.079528809 644.8828125 4 635 174.661193848 568.825927734 6 305 -66.5142211914 277.37991333 14 54 398.205566406 113.556152344 17 140 -321.252502441 -23.5875854492 16 108 -221.003082275 -289.04296875
2.84008000131 1.27126513476 1.07481647592
97 64 65
6 0 283 133.494018555 -191.577636719 1 202 113.963134766 -269.755859375 2 195 39.360534668 -404.463012695 5 220 -218.486328125 -108.542480469 7 156 -11.7733154297 -49.9057006836 8 57 -270.382568359 -190.89465332
2.79260882421 1.40742448128 0.764867481848
92 67 68
8 0 287 147.811767578 -407.186523438 1 179 136.747070313 -543.783569336 2 151 -68.7674865723 -685.936279297 3 285 -26.1820373535 -190.243041992 4 123 -46.7699890137 -376.785522461 7 266 188.733032227 -146.153869629 8 108 39.2438964844 -345.661987305 9 147 -84.9966430664 -76.5053100586
2.59674534131 1.0663401471 2.91989968302
73 55 58
5 0 306 -269.05581665 602.963500977 1 227 -308.78515625 469.520690918 2 261 15.6201782227 682.567321777 3 421 20.1433105469 671.702880859 4 307 6.68804931641 539.518310547
2.9250377163 1.17422305653 1.27686198155
169 130 129
10 0 316 149.436645508 -64.3698120117 1 353 136.872009277 -124.678466797 2 220 135.851867676 -255.098876953 3 512 112.518066406 68.0346069336 4 537 139.616943359 -43.3703613281 5 244 -263.774902344 24.151763916 6 249 243.444946289 -343.086791992 7 182 -138.487487793 30.7645263672 8 90 -448.344451904 -77.4437866211 16 601 -99.1957397461 79.7353515625
2.94747146575 0.531983116987 1.78956411481
120 92 94
4 0 319 268.532897949 407.41418457 1 457 254.678710938 398.888793945 6 324 269.586181641 155.450378418 10 75 374.129394531 -312.024719238
2.12804001537 1.25666318211 0.374663793759
207 193 196
3 0 329 5.99890136719 -705.518432617 1 87 -147.960693359 -779.589111328 3 590 -356.285400391 -234.887329102
2.12804001537 1.25666318211 0.374663793759
207 193 196
3 0 330 5.99890136719 -705.518432617 1 86 -147.960693359 -779.589111328 3 591 -356.285400391 -234.887329102
2.912762528 1.24443070861 2.81046033052
199 170 171
5 0 333 -178.446838379 452.713684082 1 265 -215.334533691 302.329772949 2 286 63.6924438477 474.266601563 5 211 -873.259277344 381.667358398 6 368 -187.198364258 129.225952148
2.81341409705 1.41110015887 0.724209972673
86 64 67
3 0 246 165.879638672 -431.103271484 4 147 -34.5679321289 -413.225952148 5 187 -76.7236938477 -315.241577148
2.8990870637 1.3347376469 0.515119230618
131 109 111
3 0 343 298.955810547 -527.649169922 1 142 362.635803223 -711.692871094 7 382 346.792724609 -73.4341430664
2.13350986971 1.26355057433 0.450988445076
117 106 114
4 0 346 -22.0478210449 -638.41003418 1 123 -183.117218018 -674.827636719 3 695 -345.983795166 -189.81628418 7 374 526.356811523 -397.74798584
2.8723400021 1.20761230743 0.832405070391
140 110 112
2 0 350 243.136657715 -297.695922852 1 217 262.842529297 -380.211669922
2.39602058945 1.34822435522 1.85331320463
120 105 110
4 9 280 716.9765625 175.49911499 10 364 -120.419799805 33.369720459 11 289 -285.661071777 -69.9553833008 13 151 794.60144043 -198.791625977
2.2377529588 1.1773153534 0.754584232413
108 89 95
4 0 3473 -16.277130127 -349.200805664 2 1731 -349.296020508 -562.912597656 5 2226 -319.756774902 -344.047485352 7 2867 246.900512695 -266.479370117
2.84737862166 1.21322977391 0.953518360551
206 179 180
6 0 381 194.375427246 -232.332641602 1 216 194.066894531 -303.19909668 3 528 70.7798461914 -65.0127563477 5 313 -142.75567627 -115.878173828 8 228 -149.052307129 -140.312988281 7 616 69.5857543945 -17.4190063477
2.11645392953 1.26763053384 0.408575450462
143 125 126
2 0 390 -21.7284240723 -681.19519043 1 140 -187.85055542 -738.538574219
2.11792254573 1.26898424459 0.409379769221
143 125 126
3 0 391 -21.7284240723 -681.19519043 1 141 -187.85055542 -738.538574219 3 968 -362.807922363 -214.239624023
2.82455929085 1.25704243985 1.00571820846
211 182 183
5 0 399 152.854614258 -222.050048828 1 249 138.554992676 -293.321655273 2 301 42.5075683594 -455.282104492 5 342 -186.980957031 -126.677978516 8 122 -204.143432617 -189.02355957
2.72502904677 1.2581496843 2.88001485549
44 29 29
8 0 403 -257.913330078 494.485107422 1 326 -300.816589355 351.398010254 2 390 -11.419921875 554.391540527 3 601 10.8546142578 573.999938965 4 412 -1.18417358398 429.218505859 6 528 -270.942260742 154.324584961 10 450 382.048828125 180.081329346 11 456 342.021728516 72.5427246094
2.76865498769 1.43583287777 0.780009354666
146 119 122
2 0 404 122.09362793 -408.152587891 1 198 98.7048339844 -544.470092773
2.84865593656 1.31375202905 0.67371613408
144 118 122
5 0 414 236.797546387 -425.915161133 1 226 262.767944336 -560.644897461 2 298 23.642578125 -768.948242188 7 466 249.812988281 -78.1454467773 8 147 131.816040039 -235.42779541
2.17254480087 1.16706464046 1.2336780914
235 217 210
5 0 3118 -182.388305664 -38.4727783203 2 1627 -333.358825684 -60.0897216797 5 1892 -661.176879883 -123.200073242 6 2229 -102.652160645 -386.366516113 7 2217 -174.694641113 -287.004455566
2.86946842533 0.99121552159 2.53240070988
114 83 82
4 0 421 -81.9169616699 473.971252441 1 253 -123.377075195 360.099304199 6 400 -92.6791992188 162.945007324 5 316 -785.859130859 454.192016602
2.6206218558 0.995499035226 2.9150710661
118 95 98
7 0 434 -242.076507568 625.720825195 1 345 -280.991516113 493.296020508 2 330 55.4688720703 698.160644531 3 540 47.729675293 686.512145996 4 432 35.8840332031 558.950439453 6 481 -269.1328125 277.482055664 10 358 476.631469727 264.061828613
2.81070056635 1.08497776148 2.90303140328
106 79 80
5 0 457 -190.178924561 551.995239258 1 441 -224.98348999 405.098693848 2 357 89.3670654297 590.788574219 3 613 82.7774047852 609.510498047 6 485 -210.31237793 218.934783936
2.9981278528 1.40841416684 2.48407965437
101 70 70
9 0 464 -137.240325928 291.496459961 1 315 -179.36618042 149.365478516 2 387 34.5681152344 282.501159668 3 569 57.8344116211 377.413635254 4 409 56.924621582 229.020996094 5 288 -734.956176758 233.362976074 6 471 -123.316589355 -18.1502075195 7 261 -866.419433594 -54.4816894531 14 453 45.9986572266 28.1474609375
2.94636997154 1.13153321522 0.831170647335
155 126 125
6 0 477 303.217590332 -271.05480957 1 258 345.345092773 -347.251586914 2 251 197.229797363 -607.99987793 5 470 -24.918762207 -95.0850830078 7 353 149.704223633 59.4651794434 8 170 -20.8167724609 -32.4937744141
2.40350262963 0.993344940709 2.93311387823
69 53 59
2 0 479 -334.182220459 677.487304688 1 453 -378.841583252 558.767822266
2.94730679343 1.17022184734 0.764824380873
156 127 125
2 0 497 307.537475586 -321.221313477 1 248 357.277160645 -413.987915039
2.09006394253 1.27005107719 1.05521232311
244 225 221
5 0 514 -229.518615723 -188.754272461 1 316 -412.086212158 -103.17767334 3 907 -314.448608398 146.815673828 4 594 -452.890869141 128.00579834 5 283 -635.703613281 -307.668029785
2.1821929129 1.21000929686 0.479360976646
173 163 153
3 0 516 29.0958862305 -581.622070313 1 167 -95.6648864746 -591.31262207 3 826 -293.318054199 -167.365356445
2.09956657967 1.29403136866 0.613329171459
218 200 200
2 0 535 -114.515106201 -516.855957031 1 292 -307.477050781 -501.155883789
2.09956657967 1.29403136866 0.613329171459
218 200 200
2 0 536 -114.515106201 -516.855957031 1 291 -307.477050781 -501.155883789
2.87271968259 1.06937594771 2.80150887973
99 72 71
7 0 551 -147.72064209 520.4296875 1 658 -182.301757813 379.962280273 2 438 121.682617188 539.056518555 3 740 108.048217773 574.951538086 4 794 106.979797363 441.046081543 6 599 -165.215759277 196.846557617 14 256 194.256652832 309.365722656
3.01866669916 1.49980138057 2.43212225571
19 9 9
2 0 563 -143.440216064 244.553649902 1 420 -190.344085693 95.4898071289
2.53989100973 0.930859865074 2.91912386841
217 195 189
7 0 573 -260.316864014 671.714294434 1 421 -300.752319336 546.030517578 2 361 48.7096557617 760.9453125 4 955 26.4837646484 607.626586914 6 1839 -288.934448242 314.736816406 11 982 461.320922852 200.128112793 12 1090 574.703125 -74.0106201172
2.73008438536 1.12551853374 2.89999187984
130 110 116
9 0 577 -229.729888916 549.413085938 1 509 -268.16027832 407.944610596 2 419 43.2304077148 604.210327148 3 808 47.3787841797 615.963867188 4 657 37.5570068359 477.581634521 6 631 -248.494140625 210.174438477 11 373 407.107543945 77.5462646484 12 335 492.234985352 -153.041442871 14 268 102.478820801 405.058959961
2.29299130393 1.04315412895 2.93296817069
173 156 150
9 0 578 -396.254058838 678.954467773 1 803 -441.195373535 568.148498535 2 388 -102.907806396 824.735961914 3 854 -74.6179199219 763.545043945 6 696 -422.645355225 300.488525391 11 307 352.287597656 347.382629395 10 383 381.164672852 428.842468262 12 216 566.385375977 133.325958252 14 148 -78.0261230469 615.258056641
2.9541691099 1.16452856555 1.39769003464
113 81 81
7 0 587 133.676330566 -8.47631835938 1 430 115.153198242 -74.4979248047 3 880 124.025817871 109.306274414 4 602 149.635986328 -2.13525390625 5 404 -306.03527832 69.1322021484 7 363 -214.542907715 50.0737915039 8 212 -555.222290039 -55.1127929688
2.72273840716 0.98531034561 2.91048550423
117 94 97
3 0 601 -199.415863037 608.693969727 1 656 -235.322357178 470.09552002 6 606 -226.029785156 269.543457031
2.94409577116 1.40055557923 2.56569302672
196 163 163
8 0 603 -167.39163208 324.64831543 1 338 -210.182373047 181.238830566 2 492 15.9832763672 330.307128906 3 893 41.4226074219 411.260467529 4 560 36.6951293945 262.543457031 5 396 -788.477539063 253.749832153 6 610 -157.760070801 9.22583007813 14 295 32.8781738281 89.6912841797
2.84575098934 1.0520122518 2.83281891738
130 102 104
7 0 608 -158.20324707 540.242553711 1 459 -192.944763184 398.6222229 2 465 117.500061035 566.510009766 3 843 103.209899902 594.470581055 4 746 101.616455078 458.06362915 6 667 -177.936401367 213.166046143 14 368 196.672973633 341.084228516
2.97496125897 1.27272000331 0.500786866813
103 85 86
5 0 619 359.737609863 -510.666259766 1 272 453.526794434 -688.983886719 5 501 134.989624023 -287.144592285 7 662 353.038574219 -14.2561645508 8 297 290.919799805 -156.917785645
2.9223384077 1.23083769382 2.51241225338
216 186 187
6 0 637 -124.112091064 370.182373047 1 671 -163.606292725 241.633544922 2 555 76.2136230469 365.573730469 3 1350 79.4444580078 446.849395752 5 457 -769.603149414 323.626068115 6 653 -120.588012695 59.9445495605
2.62179040626 1.18506420753 2.91435457547
91 69 73
7 0 643 -287.07244873 549.475402832 1 451 -329.778533936 412.384918213 2 457 -21.9285888672 627.604736328 3 765 -2.43789672852 627.797729492 4 546 -18.1024475098 489.117614746 6 720 -304.582885742 200.58215332 10 584 397.031494141 241.205383301
2.112258179 1.27889038326 0.466233380326
220 209 213
4 0 646 -49.8617858887 -634.286254883 1 243 -228.413421631 -668.158813477 3 1060 -364.059631348 -179.051147461 7 631 515.085693359 -420.547241211
2.74647599453 1.29486932222 2.85876532571
160 129 131
10 0 654 -255.60269165 471.631439209 1 644 -297.424194336 326.709838867 2 487 -15.3588256836 527.012512207 3 814 9.63244628906 553.297607422 4 788 -1.87145996094 406.094451904 6 646 -264.458679199 134.238006592 10 441 367.039794922 161.990966797 11 434 323.627929688 55.9998779297 12 561 423.880615234 -117.506652832 14 328 8.51489257813 339.395141602
2.319161463 1.11001145399 2.88974481948
135 114 120
9 0 668 -395.571716309 631.459838867 1 466 -446.224700928 522.500366211 2 452 -120.094177246 769.532531738 3 812 -84.4284973145 724.13861084 4 577 -111.872894287 601.865600586 6 749 -417.119354248 257.636108398 11 556 310.442993164 310.732299805 10 538 346.356323242 392.997619629 14 484 -105.014129639 544.672607422
2.91401358848 1.30104522841 0.595862912088
119 96 98
4 0 703 292.578491211 -463.710083008 1 285 347.768737793 -620.377563477 5 569 54.9801635742 -279.569702148 8 327 205.932739258 -203.140625
3.04853356942 0.442180609491 2.07303180968
187 162 162
3 0 704 258.384887695 529.27722168 1 969 240.502258301 478.801025391 6 794 233.279907227 268.047912598
2.78000089924 1.00005789817 2.90716134085
87 64 64
3 0 716 -181.042999268 591.601196289 1 445 -215.339935303 448.882324219 6 804 -207.034118652 256.148040771
2.93996339436 1.34560109841 2.66740289295
130 95 96
6 0 733 -170.961639404 373.369140625 1 859 -211.175170898 227.339538574 2 648 34.483215332 384.215881348 5 452 -819.02532959 302.124389648 6 762 -168.073425293 55.9693908691 14 304 61.3822631836 163.437316895
2.84924376409 1.18185288469 1.03843145533
182 144 142
7 0 737 182.412841797 -178.405517578 1 637 177.711364746 -236.976196289 2 417 100.764343262 -417.286132813 5 550 -180.111572266 -68.9169311523 6 544 308.225463867 -466.785949707 7 455 11.8062133789 2.08450317383 8 279 -233.979797363 -106.170959473
2.97312821865 1.23604303541 0.596515869304
79 62 63
4 0 739 344.018188477 -440.038330078 1 302 419.341491699 -583.95300293 3 1019 119.516479492 -274.28125 5 642 89.5130615234 -230.824279785
2.97312821865 1.23604303541 0.596515869304
79 62 63
4 0 740 344.018188477 -440.038330078 1 303 419.341491699 -583.95300293 3 1018 119.516479492 -274.28125 5 643 89.5130615234 -230.824279785
2.36439374058 1.00355880413 2.92463235343
151 133 142
10 0 750 -354.588195801 678.908569336 1 807 -398.404968262 564.052429199 2 527 -54.6057128906 806.686462402 3 1158 -39.8455810547 755.68182373 4 1090 -62.2987670898 635.434997559 6 818 -382.872924805 307.03918457 10 561 414.491210938 396.15222168 11 439 385.402832031 305.04095459 12 357 566.773925781 71.3442687988 14 231 -5.91268920898 588.481567383
2.81806212659 1.39682609788 0.479695452276
108 92 98
8 0 765 249.515258789 -578.119628906 1 305 292.647338867 -782.827758789 5 634 65.9776611328 -407.358459473 7 755 374.333251953 -135.729858398 8 290 328.182495117 -330.689208984 9 688 -291.124328613 -97.9833984375 13 864 -204.655151367 -227.887817383 16 2960 0.883483886719 289.812316895
2.88272531053 1.23520703962 0.794576202035
94 72 75
8 0 791 246.260070801 -327.522094727 1 381 271.176696777 -424.215332031 2 464 93.3952026367 -647.140625 3 970 78.1385498047 -154.519775391 4 486 102.08416748 -315.987426758 5 662 -49.8610229492 -177.844787598 7 1651 172.146728516 -22.35546875 9 766 -67.5111083984 -188.73248291
2.83232867758 1.32280882797 1.13250303513
162 133 138
3 0 794 96.5784301758 -181.325073242 1 500 66.7665405273 -262.828857422 5 587 -258.634094238 -116.926696777
2.48621026345 1.17710388742 2.91234893575
107 85 89
8 0 810 -340.251464844 576.6953125 1 764 -386.56149292 449.911193848 2 581 -72.9086914063 681.073730469 3 1226 -44.3341674805 663.35534668 4 1099 -65.4065246582 529.698608398 6 876 -358.837768555 216.355102539 10 774 368.356323242 306.845123291 11 736 332.371826172 214.464324951
2.94936526252 1.14963891583 0.80528038745
148 118 117
6 0 821 304.641357422 -291.613647461 1 422 349.667419434 -375.203979492 2 485 187.73449707 -635.172973633 5 765 -13.0074462891 -114.493164063 7 764 166.329345703 49.3260498047 8 381 3.27691650391 -48.5584716797
2.65190573909 1.08158829462 2.91829183511
117 93 96
8 0 837 -251.917648315 585.869873047 1 686 -290.884216309 448.91595459 2 597 31.7216796875 654.954223633 3 1086 34.3045654297 652.362426758 4 851 22.6907348633 518.152648926 6 913 -273.953430176 239.739868164 10 717 448.188110352 239.954498291 11 698 415.08203125 127.302246094
2.57470367441 0.803598653899 3.38350321916
56 32 34
4 0 840 -284.448852539 837.088745117 1 1550 -306.467041016 653.720825195 6 966 -335.344848633 458.304779053 4 3099 70.6671142578 705.562011719
2.61053015655 0.899032757853 2.92060947136
197 168 158
6 0 842 -222.121826172 670.074890137 1 679 -259.321289063 539.317749023 2 552 93.6169433594 742.547119141 3 1105 70.9807739258 721.887451172 4 825 60.9520874023 599.067871094 10 645 520.238891602 283.076049805
2.93850428694 1.17925589914 0.805406794029
64 43 44
4 0 851 288.164306641 -301.714355469 1 321 325.376037598 -390.826660156 2 482 162.473693848 -638.713134766 5 712 -23.173034668 -132.297729492
2.84413525945 1.37725469453 0.483156716265
174 156 164
8 0 870 267.879699707 -566.51550293 1 363 320.013122559 -767.008422852 5 800 77.6688232422 -386.49609375 7 869 370.270263672 -116.089782715 8 365 321.396850586 -302.32208252 9 816 -289.557006836 -120.466918945 13 983 -210.846618652 -246.85369873 15 2613 -517.785888672 183.414489746
2.84422210379 1.37700961708 0.483123550145
174 156 164
10 0 871 267.879699707 -566.51550293 1 362 320.013122559 -767.008422852 5 801 77.6688232422 -386.49609375 7 870 370.270263672 -116.089782715 8 366 321.396850586 -302.32208252 9 817 -289.557006836 -120.466918945 13 982 -210.846618652 -246.85369873 15 2614 -517.785888672 183.414489746 16 3222 -12.7934265137 288.821655273 18 3722 -14.6306152344 435.819885254
2.84833648539 1.28973185016 0.906758338037
98 73 75
4 0 873 176.537414551 -285.077514648 1 406 172.856262207 -379.077026367 5 732 -133.648742676 -173.808532715 8 320 -100.78515625 -210.648193359
2.98120704962 0.499511339452 1.78801656987
129 98 98
3 0 901 292.624145508 417.10559082 1 1623 282.426269531 406.541473389 6 1134 292.219238281 167.123077393
2.90625730103 1.32864264754 0.514230873987
127 106 107
2 0 911 303.807067871 -525.859741211 1 369 371.801208496 -708.869628906
2.1522595987 1.21265785053 1.05907337256
218 198 192
2 0 3102 -169.273071289 -161.811401367 2 1622 -402.674194336 -223.335205078
2.1422176918 1.20010082168 1.20387342686
154 141 130
3 0 2951 -205.785308838 -68.3701782227 2 1618 -382.166595459 -84.6936035156 6 2205 -122.073242188 -425.192749023
2.65815079803 1.20033613018 2.90403134085
29 16 16
8 0 935 -275.526916504 534.873901367 1 762 -316.398223877 394.129425049 2 720 -12.5151672363 605.288635254 3 1339 6.46862792969 611.665405273 4 915 -7.1340637207 469.981506348 6 1091 -291.327514648 189.211608887 10 492 396.701538086 221.34576416 11 427 357.845092773 118.783905029
2.83041580872 1.28323780708 2.83854459023
151 127 129
6 0 940 -219.350158691 457.862487793 1 632 -262.941894531 309.611938477 2 592 18.8148193359 497.324676514 6 969 -226.898742676 127.478424072 10 540 383.862060547 120.249481201 11 560 338.864990234 4.7893371582
2.83011911272 1.28313215163 2.83841954064
151 127 129
7 0 941 -219.350158691 457.862487793 1 633 -262.941894531 309.611938477 2 593 18.8148193359 497.324676514 3 966 36.7144165039 533.752075195 6 970 -226.898742676 127.478424072 10 541 383.862060547 120.249481201 11 561 338.864990234 4.7893371582
2.16185694936 1.23785290708 0.373190060492
212 196 195
2 0 953 38.7502441406 -693.165649414 1 403 -88.4038391113 -762.649536133
2.9660283951 1.25599643605 0.621445539206
123 104 105
6 0 959 323.764648438 -432.742553711 1 424 390.866516113 -575.637329102 2 542 133.700134277 -830.994873047 3 1450 108.215393066 -263.467651367 5 831 68.3604736328 -234.879272461 8 434 177.43737793 -142.676574707
3.00199677413 0.47001204955 1.86424967431
101 74 74
3 0 968 290.340698242 453.271331787 1 1035 276.516418457 434.276763916 3 1136 387.453979492 476.899688721
2.76808680901 1.44264878581 0.633485466406
181 158 164
11 0 980 160.75012207 -498.554321289 1 428 155.891479492 -668.614257813 2 509 -110.610229492 -816.224731445 3 1417 -51.2613525391 -260.266113281 5 814 -49.8600463867 -382.545898438 7 1027 276.3984375 -177.067749023 9 891 -180.506103516 -53.0413208008 4 694 -84.1960754395 -475.433349609 13 1142 -95.8067016602 -219.831665039 15 2542 -441.963684082 181.439788818 16 3773 28.7388916016 249.047607422
2.09456800263 1.28593414741 0.944127855824
152 126 130
6 0 1001 -206.068511963 -268.829101563 1 901 -394.361785889 -194.268310547 3 3323 -326.493865967 88.0124511719 4 2247 -479.179199219 61.1408691406 5 746 -566.260986328 -375.148071289 7 503 82.2113037109 -423.475219727
2.53519682099 0.86876607772 2.92723226313
79 65 72
9 0 1005 -247.388244629 701.567016602 1 851 -284.957580566 576.176757813 2 714 76.9241943359 789.461975098 3 1475 55.1600952148 754.486206055 4 1155 42.1094360352 635.507385254 6 1164 -282.838378906 344.225402832 10 785 519.045776367 328.46685791 11 638 496.020751953 211.638977051 14 358 186.157043457 560.65637207
2.81960903725 1.40204026844 0.734080609339
96 71 72
9 0 1011 168.055480957 -421.168457031 1 504 166.60760498 -565.087036133 2 589 -50.2463378906 -717.458374023 3 1027 -13.3217163086 -208.315429688 4 526 -27.4209594727 -404.107543945 5 810 -77.8174438477 -306.009338379 7 1999 207.723632813 -132.588623047 8 663 70.4053955078 -329.044677734 9 2476 -112.953918457 -101.049987793
2.8828499952 1.2509279083 1.16371783708
92 65 66
6 0 1042 134.98840332 -141.238769531 1 736 114.644836426 -217.290405273 5 670 -239.946838379 -58.4282836914 6 734 245.543823242 -432.230041504 7 535 -67.6890258789 -23.7241210938 8 268 -347.747375488 -157.90447998
2.98060706142 1.12753198327 0.66045797196
161 133 120
3 0 1077 374.384521484 -365.618896484 1 325 455.382019043 -466.264892578 5 1012 81.8815307617 -147.543395996
2.78899373985 1.13939683988 2.87930670162
104 78 81
6 0 1084 -207.157928467 528.043945313 1 826 -244.984008789 384.8046875 3 1432 61.7714233398 592.811401367 6 1153 -224.015686035 194.011505127 12 777 472.610229492 -185.934997559 14 644 119.791442871 371.286499023
2.85664783048 1.38526651587 0.685660892899
113 92 94
3 0 1113 205.771484375 -442.470458984 1 462 219.138427734 -595.55871582 8 473 117.558532715 -297.826049805
2.87479257116 1.50382924253 2.55038646063
174 167 175
2 5 52 -822.860168457 196.707672119 6 122 -199.854370117 -30.0001220703
2.35849957341 1.16199345883 2.89169332799
89 69 72
7 0 1135 -391.803924561 601.265625 1 887 -440.648986816 488.128631592 2 811 -125.246398926 732.336853027 6 1329 -409.968048096 230.933227539 10 1082 336.39440918 365.793029785 11 1057 299.891479492 282.113952637 14 1146 -113.557067871 514.534912109
2.75236194685 1.09419393967 2.90479670578
61 39 40
6 0 1140 -214.911865234 558.900634766 1 1086 -252.070297241 415.625152588 2 751 65.200378418 608.944702148 3 1268 63.6246948242 620.959228516 6 1331 -235.705444336 221.124206543 14 591 132.338317871 409.43838501
2.94753257554 1.20448881531 0.721760695015
155 129 129
3 0 1142 306.815673828 -357.476806641 1 550 358.632873535 -465.490478516 5 1067 18.8389282227 -174.469238281
2.94382287762 1.20307425778 0.720491810911
155 129 129
7 0 1143 306.815673828 -357.476806641 1 551 358.632873535 -465.490478516 4 656 161.965942383 -372.017333984 5 1068 18.8389282227 -174.469238281 3 1438 117.716430664 -196.107788086 8 608 84.3760375977 -101.122131348 7 1442 219.228027344 16.0461730957
2.71671175291 1.03153948257 2.91047661652
102 77 78
6 0 1147 -212.982543945 591.645019531 1 988 -249.879119873 451.961334229 2 847 76.9235839844 645.591796875 3 1590 68.2960205078 649.713623047 4 1270 59.7124633789 516.516906738 6 1111 -237.069824219 251.844482422
2.9651644788 1.10622039615 1.54076622666
145 110 108
3 0 1152 123.419006348 71.2285766602 1 974 101.08807373 9.05773925781 5 938 -356.147644043 143.121246338
2.14725589992 1.25507558784 0.365825977714
203 189 194
2 0 1155 21.8970947266 -709.950805664 1 347 -117.708435059 -791.361938477
2.55833361613 0.948529574914 2.91494552294
48 32 32
7 0 1165 -255.527633667 658.107788086 1 1019 -294.744140625 530.998596191 2 872 51.4473266602 742.582946777 3 1779 40.3991699219 718.671203613 4 1335 27.0809936523 595.150756836 10 987 482.830444336 301.897644043 11 858 454.522460938 188.044616699
2.12538783514 1.20176390797 1.42167733521
238 221 221
4 0 831 -265.767822266 51.7476196289 5 507 -806.415466309 -74.4401855469 6 710 -206.467163086 -301.086364746 7 366 -348.84564209 -337.785583496
2.87249930075 1.1786706744 0.944584196128
112 82 81
7 0 1177 220.565002441 -226.70690918 1 409 230.268615723 -292.625488281 2 699 118.674987793 -501.26171875 3 977 92.7899780273 -67.2127075195 5 901 -120.951965332 -95.8045043945 8 775 -139.162658691 -96.2043457031 7 3520 75.180847168 9.22183227539
2.17732355734 1.15482591226 1.73245330889
191 162 168
2 0 1182 -285.015808105 219.375427246 1 1432 -405.988128662 268.113830566
2.83415064128 1.29299846461 1.45038636822
215 197 203
8 0 1193 31.5526123047 -24.6542358398 1 883 -11.4862670898 -95.6904907227 2 890 22.2738037109 -146.668457031 3 2214 34.8416748047 121.787597656 5 939 -401.050415039 2.18392944336 6 985 109.984924316 -319.535888672 7 801 -256.97265625 -60.2770996094 8 391 -641.743774414 -211.947753906
2.63807181413 1.24697241347 2.93110636453
23 10 12
7 0 1202 -298.207641602 526.304870605 1 702 -342.488769531 386.762817383 2 876 -38.6807556152 605.091674805 3 1486 -12.3439331055 609.505065918 4 846 -30.2047729492 466.959320068 6 1503 -311.040283203 178.302398682 10 1548 383.036865234 230.906036377
2.15991522623 1.20980811692 1.03490945392
244 225 216
2 0 2657 -157.316497803 -175.73046875 2 1500 -397.929321289 -248.107177734
2.87344166532 1.2689491191 1.18574638383
216 191 193
6 0 1216 118.506347656 -137.798706055 1 1040 94.8126220703 -213.038574219 2 717 59.5849609375 -328.126708984 5 997 -258.0234375 -63.4338378906 6 834 227.317626953 -430.088745117 7 726 -82.154296875 -36.4313964844
2.94746733159 1.14610040482 1.48588271842
126 92 93
6 0 1224 115.957519531 35.6497802734 1 1087 92.9724121094 -29.1680908203 2 935 154.097961426 -116.050598145 5 933 -345.766479492 104.026550293 6 945 186.184204102 -240.155944824 7 625 -274.813171387 61.0972595215
2.66966633145 1.37830754345 2.89148405583
90 68 70
6 0 1256 -310.298278809 462.79876709 1 882 -356.427612305 318.363220215 2 842 -76.770324707 537.840332031 3 1439 -35.407043457 555.775634766 4 1188 -53.1740112305 405.851531982 6 1314 -316.384216309 117.082214355
2.10312396343 1.28379303397 0.499464129277
220 205 208
3 0 1257 -71.3210144043 -608.240478516 1 662 -255.480514526 -628.046020508 7 1190 486.15612793 -429.529724121
2.8436730184 1.25907614426 1.41927388097
198 195 207
7 0 1270 53.5006103516 -26.5814208984 1 848 15.0916137695 -92.981628418 2 908 45.4996337891 -159.876464844 5 970 -377.725769043 11.6568908691 6 1013 134.080078125 -318.179626465 7 836 -237.964355469 -38.6343383789 8 409 -608.928588867 -177.083862305
2.13573897214 1.19223443156 1.21379235387
215 219 210
4 0 2686 -208.944763184 -59.020324707 2 1482 -381.429199219 -71.9546508789 5 1502 -681.27947998 -159.357788086 6 2046 -127.367248535 -414.780883789
2.48046645641 1.1351832078 2.9154779458
28 12 13
8 0 1311 -333.010253906 596.076171875 1 771 -379.259460449 468.801086426 2 856 -57.7016296387 700.207397461 3 2049 -33.3822021484 678.476379395 4 902 -55.6176452637 546.122375488 6 1726 -353.141174316 235.841125488 10 505 383.763793945 316.957641602 11 472 349.477416992 223.627227783
2.850649793 1.21660483946 0.947393432135
207 180 180
6 0 1333 195.738220215 -237.961669922 1 802 197.106079102 -310.127441406 4 887 85.9451293945 -203.902832031 5 749 -139.850585938 -118.907897949 7 2596 74.229309082 -17.9300537109 8 517 -143.679321289 -141.443847656
2.18921425375 1.20788669611 0.569975224571
87 72 73
3 0 1343 0.969543457031 -505.650878906 1 529 -128.05682373 -483.619262695 5 994 -228.186523438 -489.321472168
2.78632632152 1.4270087911 0.698786262076
172 144 142
8 0 1344 155.363037109 -451.393554688 1 741 147.736816406 -603.064086914 2 530 -87.2663269043 -751.166503906 3 1592 -35.8279418945 -227.340576172 4 789 -60.7364501953 -429.306884766 5 1007 -75.8951416016 -341.933837891 9 748 -136.872375488 -68.4212036133 13 780 -63.1787719727 -242.32421875
2.84208157991 1.17463695794 1.00690370696
225 198 198
4 0 1347 192.47454834 -191.202392578 1 1101 190.711120605 -247.203613281 3 2707 80.9899902344 -31.4000854492 8 405 -205.574279785 -103.002685547
2.8417641749 1.17432899858 1.00700641128
225 198 198
3 0 1348 192.47454834 -191.202392578 1 1100 190.711120605 -247.203613281 8 406 -205.574279785 -103.002685547
2.21879501154 1.19377456823 0.636751224204
91 75 82
4 0 1354 3.82928466797 -444.591308594 1 661 -116.579315186 -407.497924805 3 2375 -249.039672852 -76.8234863281 5 1151 -253.895385742 -427.125915527
2.55543581623 1.08135833296 2.92048223464
95 73 75
5 0 1356 -290.332702637 604.398986816 1 1039 -331.915283203 474.789855957 2 902 -6.28527832031 692.594299316 3 1750 4.23904418945 677.265991211 4 1203 -12.7651062012 546.633300781
2.98707345849 1.2168427145 1.80874012871
83 53 52
5 0 1368 34.3492431641 133.766784668 1 857 0.303497314453 43.0909423828 2 1319 123.265075684 35.4784545898 5 823 -475.174255371 160.224029541 6 1139 79.7811889648 -149.251403809
