# Camera parameter file. 

# The format of each camera is as follows:
# Filename (of the undistorted image in visualize folder)
# Original filename
# Focal Length (of the undistorted image)
# 2-vec Principal Point (image center)
# 3-vec Translation T (as in P = K[R T])
# 3-vec Camera Position C (as in P = K[R -RC])
# 3-vec Axis Angle format of R
# 4-vec Quaternion format of R
# 3x3 Matrix format of R
# [Normalized radial distortion] = [radial distortion] * [focal length]^2
# 3-vec Lat/Lng/Alt from EXIF

# The nubmer of cameras in this reconstruction
19

00000000.jpg
C:\Users\scardina\Documents\Projects\Active Projects\2014_DOT_1BOW00_Prattsville\maps\3DSFM\SITEC_U12_14\300dpi\20151216_133844_HDR_300dpi.jpg
1551.97045898
506.5 900
-0.596865062776 -0.00474848404471 -0.62008686792
0.855503271662 -0.0474294356557 0.0814951327785
0.778486014218 -0.684456850979 0.440148622517
0.845613414496 0.368997578822 -0.324428334237 0.208627737768
0.702442366839 -0.592263330028 -0.394715544529
0.113410324743 0.640630786241 -0.75942772345
0.702648261364 0.488689486823 0.51717503402
-0.0531439908399
42.3217765556 -74.4365256667 355

00000001.jpg
C:\Users\scardina\Documents\Projects\Active Projects\2014_DOT_1BOW00_Prattsville\maps\3DSFM\SITEC_U12_14\300dpi\20151216_133849_HDR_300dpi.jpg
1537.42431641
506.5 900
-0.737537301004 -0.967283837654 -0.978315872162
1.44732708093 0.576355802824 -0.0987949959242
0.480233497884 -0.57670782753 0.52577343272
0.896866463134 0.231803857291 -0.278371041463 0.253785523714
0.716205026517 -0.584278586647 -0.381666340051
0.326168313545 0.763719468995 -0.557087495378
0.616980265531 0.274500927138 0.737553315265
-0.0505745897317
42.3217765556 -74.4365256667 355

00000002.jpg
C:\Users\scardina\Documents\Projects\Active Projects\2014_DOT_1BOW00_Prattsville\maps\3DSFM\SITEC_U12_14\300dpi\20151216_133909_HDR_300dpi.jpg
1548.5904541
506.5 900
-1.0118778994 -0.279433865021 -1.07793771191
1.45446126898 1.11022302463e-016 0.385320591558
0.910080407244 -0.385523554865 0.7370811577
0.815921928773 0.426760663488 -0.180782144912 0.345636760665
0.695706321638 -0.718326705434 -2.77555756156e-017
0.409723744232 0.396821680284 -0.821376949163
0.590016465458 0.571436585546 0.570386373487
-0.045829180749
42.3217792222 -74.4365799167 337

00000003.jpg
C:\Users\scardina\Documents\Projects\Active Projects\2014_DOT_1BOW00_Prattsville\maps\3DSFM\SITEC_U12_14\300dpi\20151216_133831_HDR_300dpi.jpg
1533.88781738
506.5 900
-1.34502987459 -0.813765279339 -0.0138383037545
1.37299734219 -0.455162026152 -0.615806190863
0.882799199549 -0.296610803014 0.636974086044
0.845044920695 0.418355915539 -0.140562977534 0.301860125244
0.778245042504 -0.627781570467 0.0150060718211
0.392559891925 0.46771756519 -0.791919394368
0.490134192634 0.622198771506 0.610441064275
-0.042340376946
42.3217765556 -74.4365256667 355

00000004.jpg
C:\Users\scardina\Documents\Projects\Active Projects\2014_DOT_1BOW00_Prattsville\maps\3DSFM\SITEC_U12_14\300dpi\20151216_133838_HDR_300dpi.jpg
1536.62768555
506.5 900
-1.38918963465 -1.31272944602 -0.455124954853
1.90756815649 0.176455429827 -0.436224689479
0.637265830607 -0.213351488101 0.642587584678
0.893864334933 0.307278296542 -0.102874308773 0.309844352099
0.786826467047 -0.61713949123 0.00650551070947
0.490695771655 0.619153419831 -0.613080463133
0.374328213082 0.48557997758 0.789993910181
-0.040321662857
42.3217765556 -74.4365256667 355

00000005.jpg
C:\Users\scardina\Documents\Projects\Active Projects\2014_DOT_1BOW00_Prattsville\maps\3DSFM\SITEC_U12_14\300dpi\20151216_134008_HDR_300dpi.jpg
1535.69689941
900 506.5
-0.469439685224 0.235750952192 -0.965056652155
1.09485415628 0.0482148884042 0.0790942459538
0.591024409692 -1.06034765182 0.0773539752912
0.820677656869 0.277627509861 -0.498087174294 0.036336217567
0.501177776539 -0.336205993695 -0.797362073917
-0.216924706126 0.84320518479 -0.49188255742
0.837713986548 0.419488219681 0.349664304609
-0.0444693661712
42.3217808333 -74.4366740556 318

00000006.jpg
C:\Users\scardina\Documents\Projects\Active Projects\2014_DOT_1BOW00_Prattsville\maps\3DSFM\SITEC_U12_14\300dpi\20151216_134010_HDR_300dpi.jpg
1539.29064941
900 506.5
-0.540425276854 0.0243542744692 -0.74057130289
0.891852490811 2.22044604925e-016 0.213768683127
0.556102232642 -0.689109674062 0.339115567434
0.889699483295 0.267750838136 -0.331790958509 0.163276592101
0.726511403342 -0.468208918676 -0.502953595664
0.112859479829 0.803300433523 -0.584782957157
0.677823381727 0.368088172207 0.636448845438
-0.056931964947
42.321781 -74.4366744167 318

00000007.jpg
C:\Users\scardina\Documents\Projects\Active Projects\2014_DOT_1BOW00_Prattsville\maps\3DSFM\SITEC_U12_14\300dpi\20151216_133856_HDR_300dpi.jpg
1563.33178711
900 506.5
0.982866410272 0.437946633122 -0.733418335192
0.825328314369 2.22044604925e-016 1.00725337728
0.425259590645 -1.50438946268 -0.402102002343
0.69158728362 0.190284604367 -0.673146849635 -0.17992262165
0.0290023572825 -0.00731439670919 -0.999552743761
-0.505043185385 0.862839442638 -0.0209681026852
0.862606461105 0.50542554791 0.0213300835409
-0.0626015621026
42.3217765556 -74.4365256667 355

00000008.jpg
C:\Users\scardina\Documents\Projects\Active Projects\2014_DOT_1BOW00_Prattsville\maps\3DSFM\SITEC_U12_14\300dpi\20151216_134035_HDR_300dpi.jpg
1552.66088867
900 506.5
0.646547797737 -0.300625523326 -1.56545348226
1.40040813576 0.68721708108 0.725006155902
0.203133271983 -1.50786335701 -0.198848948805
0.719848744785 0.0918918784411 -0.682115711305 -0.0899537690374
0.0532524029521 0.00414421204627 -0.998572030724
-0.254868218874 0.966928635473 -0.00957898611173
0.9655085236 0.255014027295 0.0525478230462
-0.0427786913291
42.3217077778 -74.4366732778 320

00000009.jpg
C:\Users\scardina\Documents\Projects\Active Projects\2014_DOT_1BOW00_Prattsville\maps\3DSFM\SITEC_U12_14\300dpi\20151216_133959_HDR_300dpi.jpg
1553.74951172
900 506.5
-0.721743503343 -1.99973465543 -0.123650915105
1.89379897112 -0.644166694079 0.730560681686
1.40668651434 0.971322101518 1.51483385433
0.415746315018 0.560121306931 0.386765778591 0.603183942988
-0.0268384384954 -0.0682712711553 0.997305288632
0.934814735146 -0.355134350622 0.000845585104012
0.354119499734 0.932319062382 0.0733527829213
-0.0360546401206
42.3217813056 -74.4366734722 318

00000010.jpg
C:\Users\scardina\Documents\Projects\Active Projects\2014_DOT_1BOW00_Prattsville\maps\3DSFM\SITEC_U12_14\300dpi\20151216_134003_HDR_300dpi.jpg
1551.76477051
900 506.5
-1.97224599281 -1.14948816082 -0.0664934833711
1.95349778462 -0.886428028514 0.78331969152
1.08430870368 0.361143722016 1.0540718812
0.712760603441 0.48917632316 0.162926809928 0.475535246964
0.494642210014 -0.518485828872 0.697497032415
0.837285329463 0.0691457297437 -0.542376461463
0.232985786971 0.852285983674 0.468322771513
-0.0546775999588
42.3217811944 -74.4366736111 318

00000011.jpg
C:\Users\scardina\Documents\Projects\Active Projects\2014_DOT_1BOW00_Prattsville\maps\3DSFM\SITEC_U12_14\300dpi\20151216_134020_HDR_300dpi.jpg
1556.11218262
900 506.5
-2.23137867081 -1.06693333145 -0.310152358136
1.96318373843 -0.781874584408 1.32218577601
1.1436258838 0.444341472471 1.11480167962
0.675709132198 0.508550628038 0.197590958799 0.495733003543
0.430412925098 -0.46897278164 0.771238909999
0.870912488864 -0.00874974467241 -0.49135992767
0.237182848796 0.883169286533 0.404668144919
-0.0482103899185
42.3217813056 -74.4366743056 318

00000012.jpg
C:\Users\scardina\Documents\Projects\Active Projects\2014_DOT_1BOW00_Prattsville\maps\3DSFM\SITEC_U12_14\300dpi\20151216_133954_HDR_300dpi.jpg
1557.08959961
900 506.5
-2.11290351615 -1.98218158781 0.199969013018
1.86524405123 -0.923651971519 2.0251236569
1.36495259594 0.983526323981 1.43634749589
0.448182827401 0.551589903851 0.397452037596 0.580441239871
0.0102390765789 -0.081826360304 0.996593987522
0.958748823798 -0.282327973391 -0.0330309417941
0.284069275658 0.9558215489 0.0755602839197
-0.0467895013095
42.3217814722 -74.4366729722 318

00000013.jpg
C:\Users\scardina\Documents\Projects\Active Projects\2014_DOT_1BOW00_Prattsville\maps\3DSFM\SITEC_U12_14\300dpi\20151216_134023_HDR_300dpi.jpg
1555.07189941
900 506.5
-0.300487594801 -2.5136810294 1.03963413008
2.34290941981 -0.955270150321 1.04305221545
1.19412015308 1.49601441722 1.32074811681
0.396776523786 0.471322172587 0.590480583992 0.521302542505
-0.240847335412 0.142932188194 0.959980645018
0.970294630819 0.0121982407311 0.241618981668
0.0228253110988 0.989657274559 -0.141624466007
-0.0314880201493
42.3217811944 -74.4366746944 318

00000014.jpg
C:\Users\scardina\Documents\Projects\Active Projects\2014_DOT_1BOW00_Prattsville\maps\3DSFM\SITEC_U12_14\300dpi\20151216_133901_HDR_300dpi.jpg
1556.18457031
506.5 900
-0.843307638298 1.66133599368 -1.33453017102
1.22480274779 0.00369419784598 1.93701317587
1.2733104607 -0.565396861682 0.756272158214
0.70198684553 0.572056601143 -0.254014254161 0.339768260545
0.64006828166 -0.767646620041 0.0321041113262
0.186404777684 0.114617670327 -0.975764399269
0.745362771318 0.630540436334 0.216456173202
-0.0407929808115
42.3217634444 -74.4365901111 344

00000015.jpg
C:\Users\scardina\Documents\Projects\Active Projects\2014_DOT_1BOW00_Prattsville\maps\3DSFM\SITEC_U12_14\300dpi\20151216_133933_HDR_300dpi.jpg
1543.57373047
900 506.5
-1.05295263656 -3.10020970807 1.80854271143
1.78182000877 -1.09582461572 3.10082638714
1.43587098835 1.90619869906 1.41605240605
0.182281248989 0.508765745659 0.675414859946 0.501743516027
-0.415862842018 0.504338317143 0.756769782944
0.870172056237 -0.0211765750518 0.492292609899
0.264307925917 0.863246432145 -0.430054767998
-0.0604055067669
42.3217998611 -74.4366706389 318

00000016.jpg
C:\Users\scardina\Documents\Projects\Active Projects\2014_DOT_1BOW00_Prattsville\maps\3DSFM\SITEC_U12_14\300dpi\20151216_133922_HDR_300dpi.jpg
1560.47998047
506.5 900
1.24774736764 -2.94108884029 2.00962432318
1.20231709068 -0.622029381564 3.52320598038
-0.907092089452 -2.44890464544 -1.17540081886
0.138435980389 -0.31369127354 -0.846882059648 -0.4064780016
-0.764866329015 0.643861340148 0.020539577718
0.418776617516 0.472746120899 0.775330352043
0.489495370522 0.601625716076 -0.631221709219
-0.0703326758069
42.3217998333 -74.4366710556 318

00000017.jpg
C:\Users\scardina\Documents\Projects\Active Projects\2014_DOT_1BOW00_Prattsville\maps\3DSFM\SITEC_U12_14\300dpi\20151216_133916_HDR_300dpi.jpg
1553.53881836
900 506.5
2.51292674601 -1.91947454229 1.87625541379
0.444459237593 -0.0468927191804 3.64962648695
-0.303094049709 -2.27069035111 -0.64580539558
0.371604673968 -0.118225104433 -0.885707271889 -0.251903362698
-0.695865517825 0.396642631755 -0.598703249431
0.022208763887 0.845135096438 0.534091458879
0.717828598576 0.358359453328 -0.596909443751
-0.0657311157444
42.3218031667 -74.4366602222 320

00000018.jpg
C:\Users\scardina\Documents\Projects\Active Projects\2014_DOT_1BOW00_Prattsville\maps\3DSFM\SITEC_U12_14\300dpi\20151216_133927_HDR_300dpi.jpg
1555.76489258
506.5 900
1.31859727062 -3.24165668164 1.4285697817
1.85696715341 0.192224687002 3.28672711497
-0.900588492455 -2.54241552653 -1.03769728505
0.125496139367 -0.309165420392 -0.872792592461 -0.356233862701
-0.777335085211 0.629085444992 0.0012056665813
0.45026154707 0.555029345314 0.699433009099
0.439334069868 0.544236742359 -0.714697136119
-0.0535499824477
42.3218005278 -74.4366706111 318

